 0.0 3.0
 0.0 3.5
 0.14948701855038785 4.0
 0.45796428004288736 4.5
 0.7563593875341362 5.0
 1.379266138903686 5.5
 1.8814129638356252 6.0
 2.1777250032016466 6.5
 2.399166547957863 7.0
 2.845950649392869 7.5
 3.141761561538304 8.0
 3.6592989031073597 8.5
 4.136976184930614 9.0
 4.989787016517841 9.5
 5.870330878213427 10.0
 6.617129186943191 10.5
 7.489997282978355 11.0
 8.376908222447623 11.5
 8.907421364426444 12.0
 9.705941451506229 12.5
 10.347086621569312 13.0
 11.013045143010793 13.5
 11.715404817067869 14.0
 12.305602710020525 14.5
 12.953197965609933 15.0
 13.477792282263618 15.5
 13.933384249861419 16.0
 14.315613843819346 16.5
 14.854863108090678 17.0
 15.225219518445382 17.5
 15.567173181775289 18.0
 15.814346891872926 18.5
 16.05684558656193 19.0
 16.32147931200992 19.5
 16.452484563337453 20.0
 16.637933264685287 20.5
 16.723928141408987 21.0
 16.702438230356144 21.5
 16.80780455431033 22.0
 16.703056722256584 22.5
 16.708739796315413 23.0
 16.59490600764141 23.5
 16.49420881712671 24.0
 16.3790479713124 24.5
Blue Atom:
-61.433 56.71 13.696
-8.694 22.234 4.72
-61.447 59.691 16.106
20.34 -2.678 5.266
-32.54 32.397 9.466
-18.417 -8.504 -11.588
21.369 0.68 0.031
-18.345 -4.683 -11.723
-31.8 31.179 13.008
-58.641 58.443 11.696
-5.551 20.276 3.756
-34.082 32.616 15.711
17.54 -3.648 2.845
17.762 1.532 0.966
-12.23 -3.613 -12.249
-58.934 57.581 18.055
-55.917 57.358 14.178
-15.096 -4.121 -9.775
14.464 -3.349 5.098
-7.977 17.318 3.822
-53.254 60.11 14.022
-11.406 0.038 -13.002
-56.517 60.354 19.058
14.502 5.561 1.108
-32.587 34.976 18.32
-23.212 49.731 19.325
-23.706 46.74 24.125
-35.906 63.244 35.665
-47.588 55.118 37.559
14.57 0.154 2.533
-53.066 61.522 17.567
13.467 5.608 4.783
-14.706 -4.919 0.621
-16.024 0.166 1.727
-24.62 46.388 20.437
-24.623 50.435 23.99
-50.155 53.481 35.324
11.25 3.318 6.861
11.949 -6.149 4.412
-15.659 -1.853 -1.476
-14.327 -2.345 4.027
-8.639 -8.182 -3.939
12.297 -2.169 0.537
-34.034 37.88 16.27
-26.551 50.937 17.96
-39.605 63.542 34.85
-8.557 -0.17 -10.473
-11.002 -5.639 -0.123
-32.041 50.597 9.525
-30.417 53.264 11.722
-54.137 57.658 20.328
-6.172 -9.22 -6.674
8.865 6.26 7.123
-6.747 3.119 -11.172
11.303 3.772 0.032
-11.139 -1.769 2.038
-2.946 14.013 6.352
-6.716 14.237 5.707
-29.335 51.674 15.003
-28.242 54.332 18.489
-44.667 55.428 35.103
-47.791 50.806 34.007
8.314 -5.06 4.851
-11.804 1.814 0.962
-11.458 2.596 4.663
-36.466 38.189 19.208
-51.702 60.289 25.33
-49.406 48.096 31.868
-8.309 4.614 -8.066
10.253 0.557 -1.785
-3.201 -6.774 -6.538
-7.502 -4.588 -3.324
-35.145 49.356 11.336
-28.109 47.197 25.901
-28.132 50.15 28.35
-33.673 60.981 33.505
-40.542 59.914 34.095
-44.059 58.696 33.228
8.936 7.276 3.456
-7.792 -6.729 1.672
-35.414 39.631 22.539
-49.318 61.83 18.317
-28.132 49.508 22.857
-7.749 1.402 -6.136
-33.237 41.926 20.479
-49.43 59.49 28.31
-52.458 56.795 23.982
8.682 -2.507 1.691
-2.732 10.275 7.144
-8.435 0.423 5.417
-7.991 5.682 4.635
-50.368 58.196 20.59
4.728 -6.26 5.376
1.476 -4.28 5.118
-2.185 -5.404 5.129
-46.572 61.191 15.719
-50.758 48.87 28.388
8.034 3.647 2.72
6.674 -0.441 -2.717
0.102 -6.653 -4.581
-4.351 -4.15 -1.219
5.898 -4.77 0.491
-5.472 -4.273 3.491
-5.855 4.784 7.686
-4.149 1.833 -7.225
-6.655 2.599 2.876
-2.956 7.466 4.555
-36.489 43.422 19.201
-46.313 57.601 29.476
-50.081 53.768 24.137
-32.266 51.301 17.405
-3.637 5.337 -5.774
0.835 2.904 -3.93
-0.26 5.765 -1.648
-0.562 3.181 1.17
-0.995 -5.859 -0.716
2.13 -4.423 0.901
-2.487 3.987 6.057
-36.788 54.549 32.943
-35.598 58.037 31.984
-4.422 3.698 -2.406
4.916 3.358 4.926
4.816 -3.732 -3.42
-33.523 57.665 17.751
-31.586 55.315 20.06
-30.122 52.868 26.555
-32.646 50.331 30.457
-2.251 0.744 -3.272
3.276 6.516 3.555
1.085 -3.009 -3.907
-48.353 56.617 17.785
-32.356 54.101 30.821
-49.17 46.871 25.556
4.056 5.531 -0.021
-47.698 54.511 27.703
-38.467 51.206 11.715
3.038 1.964 0.863
-49.065 53.019 20.523
-35.217 53.148 15.79
-43.275 61.279 17.664
-33.057 50.444 26.685
-35.241 54.069 28.349
-37.304 51.716 30.479
-39.706 60.148 16.857
-38.623 43.068 22.364
-46.481 56.151 24.488
-36.31 45.751 23.782
-46.108 51.219 18.882
-44.663 57.025 18.644
-42.893 53.492 27.418
-40.392 49.722 14.677
-37.024 58.5 19.033
-38.204 54.698 17.597
-37.748 48.192 21.232
-40.63 48.886 25.669
-39.072 52.132 24.354
-42.839 56.763 25.453
-44.536 51.549 24.568
-43.179 51.651 16.457
-41.735 55.743 16.587
-41.289 47.256 22.307
-42.01 52.935 22.079
Surface Atom:
-11.618 29.492 4.282
-13.627 29.848 1.053
-13.224 28.483 7.6
-16.815 30.728 2.975
-27.125 25.096 7.233
-20.205 29.256 2.0
-21.88 28.809 5.414
-23.361 25.514 6.674
-8.059 24.489 7.744
-11.318 25.668 9.347
-29.116 27.972 5.666
-29.45 31.318 7.491
25.895 -2.262 3.305
23.534 3.3 1.773
23.871 0.728 4.561
-15.485 -9.666 -13.762
23.082 -4.809 3.678
-61.433 56.71 13.696
First Box:
-8.059 24.489 7.744
setting PYTHONHOME environment
setting PYTHONHOME environment
setting PYTHONHOME environment
setting PYTHONHOME environment
setting PYTHONHOME environment
setting PYTHONHOME environment
setting PYTHONHOME environment
setting PYTHONHOME environment
setting PYTHONHOME environment
setting PYTHONHOME environment
