Blue Atom:
-61.433 56.71 13.696
-8.694 22.234 4.72
-61.447 59.691 16.106
20.34 -2.678 5.266
-32.54 32.397 9.466
-18.417 -8.504 -11.588
21.369 0.68 0.031
-18.345 -4.683 -11.723
-31.8 31.179 13.008
-58.641 58.443 11.696
-5.551 20.276 3.756
-34.082 32.616 15.711
17.54 -3.648 2.845
17.762 1.532 0.966
-12.23 -3.613 -12.249
-58.934 57.581 18.055
-55.917 57.358 14.178
-15.096 -4.121 -9.775
14.464 -3.349 5.098
-7.977 17.318 3.822
-53.254 60.11 14.022
-11.406 0.038 -13.002
-56.517 60.354 19.058
14.502 5.561 1.108
-32.587 34.976 18.32
-23.212 49.731 19.325
-23.706 46.74 24.125
-35.906 63.244 35.665
-47.588 55.118 37.559
14.57 0.154 2.533
-53.066 61.522 17.567
13.467 5.608 4.783
-14.706 -4.919 0.621
-16.024 0.166 1.727
-24.62 46.388 20.437
-24.623 50.435 23.99
-50.155 53.481 35.324
11.25 3.318 6.861
11.949 -6.149 4.412
-15.659 -1.853 -1.476
-14.327 -2.345 4.027
-8.639 -8.182 -3.939
12.297 -2.169 0.537
-34.034 37.88 16.27
-26.551 50.937 17.96
-39.605 63.542 34.85
-8.557 -0.17 -10.473
-11.002 -5.639 -0.123
-32.041 50.597 9.525
-30.417 53.264 11.722
-54.137 57.658 20.328
-6.172 -9.22 -6.674
8.865 6.26 7.123
-6.747 3.119 -11.172
11.303 3.772 0.032
-11.139 -1.769 2.038
-2.946 14.013 6.352
-6.716 14.237 5.707
-29.335 51.674 15.003
-28.242 54.332 18.489
-44.667 55.428 35.103
-47.791 50.806 34.007
8.314 -5.06 4.851
-11.804 1.814 0.962
-11.458 2.596 4.663
-36.466 38.189 19.208
-51.702 60.289 25.33
-49.406 48.096 31.868
-8.309 4.614 -8.066
10.253 0.557 -1.785
-3.201 -6.774 -6.538
-7.502 -4.588 -3.324
-35.145 49.356 11.336
-28.109 47.197 25.901
-28.132 50.15 28.35
-33.673 60.981 33.505
-40.542 59.914 34.095
-44.059 58.696 33.228
8.936 7.276 3.456
-7.792 -6.729 1.672
-35.414 39.631 22.539
-49.318 61.83 18.317
-28.132 49.508 22.857
-7.749 1.402 -6.136
-33.237 41.926 20.479
-49.43 59.49 28.31
-52.458 56.795 23.982
8.682 -2.507 1.691
-2.732 10.275 7.144
-8.435 0.423 5.417
-7.991 5.682 4.635
-50.368 58.196 20.59
4.728 -6.26 5.376
1.476 -4.28 5.118
-2.185 -5.404 5.129
-46.572 61.191 15.719
-50.758 48.87 28.388
8.034 3.647 2.72
6.674 -0.441 -2.717
0.102 -6.653 -4.581
-4.351 -4.15 -1.219
5.898 -4.77 0.491
-5.472 -4.273 3.491
-5.855 4.784 7.686
-4.149 1.833 -7.225
-6.655 2.599 2.876
-2.956 7.466 4.555
-36.489 43.422 19.201
-46.313 57.601 29.476
-50.081 53.768 24.137
-32.266 51.301 17.405
-3.637 5.337 -5.774
0.835 2.904 -3.93
-0.26 5.765 -1.648
-0.562 3.181 1.17
-0.995 -5.859 -0.716
2.13 -4.423 0.901
-2.487 3.987 6.057
-36.788 54.549 32.943
-35.598 58.037 31.984
-4.422 3.698 -2.406
4.916 3.358 4.926
4.816 -3.732 -3.42
-33.523 57.665 17.751
-31.586 55.315 20.06
-30.122 52.868 26.555
-32.646 50.331 30.457
-2.251 0.744 -3.272
3.276 6.516 3.555
1.085 -3.009 -3.907
-48.353 56.617 17.785
-32.356 54.101 30.821
-49.17 46.871 25.556
4.056 5.531 -0.021
-47.698 54.511 27.703
-38.467 51.206 11.715
3.038 1.964 0.863
-49.065 53.019 20.523
-35.217 53.148 15.79
-43.275 61.279 17.664
-33.057 50.444 26.685
-35.241 54.069 28.349
-37.304 51.716 30.479
-39.706 60.148 16.857
-38.623 43.068 22.364
-46.481 56.151 24.488
-36.31 45.751 23.782
-46.108 51.219 18.882
-44.663 57.025 18.644
-42.893 53.492 27.418
-40.392 49.722 14.677
-37.024 58.5 19.033
-38.204 54.698 17.597
-37.748 48.192 21.232
-40.63 48.886 25.669
-39.072 52.132 24.354
-42.839 56.763 25.453
-44.536 51.549 24.568
-43.179 51.651 16.457
-41.735 55.743 16.587
-41.289 47.256 22.307
-42.01 52.935 22.079
Surface Atom:
-11.618 29.492 4.282
-13.627 29.848 1.053
-13.224 28.483 7.6
-16.815 30.728 2.975
-27.125 25.096 7.233
-20.205 29.256 2.0
-21.88 28.809 5.414
-23.361 25.514 6.674
-8.059 24.489 7.744
-11.318 25.668 9.347
-29.116 27.972 5.666
-29.45 31.318 7.491
25.895 -2.262 3.305
23.534 3.3 1.773
23.871 0.728 4.561
-15.485 -9.666 -13.762
23.082 -4.809 3.678
-61.433 56.71 13.696
First Box:
-8.059 24.489 7.744
setting PYTHONHOME environment
setting PYTHONHOME environment
setting PYTHONHOME environment
setting PYTHONHOME environment
setting PYTHONHOME environment
setting PYTHONHOME environment
setting PYTHONHOME environment
setting PYTHONHOME environment
setting PYTHONHOME environment
setting PYTHONHOME environment
Blue Atom:
-11.418 -47.887 53.295
-67.32 -22.151 18.723
-30.363 35.759 -4.634
-50.234 33.579 1.485
-48.583 -5.148 61.831
-54.389 38.059 23.519
-11.255 -56.641 30.462
-24.556 -59.593 39.511
-16.71 -56.044 41.403
-37.265 -54.083 52.107
-49.274 -1.819 60.13
-57.849 35.806 20.515
-17.907 -49.425 54.893
-14.468 -57.876 32.057
-15.736 -46.953 56.816
-18.641 40.097 5.055
-24.674 43.845 12.707
-26.932 -47.701 59.932
-20.106 31.229 -11.174
-32.876 37.62 0.589
-32.891 -56.584 47.67
-4.879 -53.756 29.209
-22.198 -57.547 41.682
-28.087 -57.574 42.789
-17.478 33.612 -5.503
-66.428 -15.298 37.878
-29.625 36.269 -0.941
-58.104 34.243 17.076
-38.815 33.141 -4.255
-43.147 40.886 16.72
-67.048 -21.786 33.035
-9.709 -50.097 44.318
-31.438 43.331 18.034
-15.209 35.486 -0.859
-7.015 -48.148 46.158
-65.235 -20.408 16.092
-5.113 -50.0 9.11
-3.264 -50.798 30.983
-16.365 37.155 4.159
-32.156 32.817 -6.187
-36.806 41.285 14.919
-7.777 -49.464 6.468
-8.338 -52.7 32.846
-24.247 34.117 -3.523
-66.198 -31.303 28.484
-1.297 -50.227 24.049
-48.054 38.871 18.65
-66.843 -24.616 28.072
-20.745 -58.248 33.077
-20.086 -57.125 36.644
-14.371 -54.74 36.508
-26.446 32.237 -5.986
-19.189 30.869 -7.525
-0.859 -47.481 11.407
-4.71 -51.711 23.277
-18.999 35.165 -0.707
-67.358 -13.315 24.491
-0.506 -49.118 27.615
-44.201 31.68 -2.536
-23.183 41.589 15.406
-39.744 6.684 59.248
-66.098 -28.779 31.322
-63.535 -25.835 15.386
-14.9 32.322 -2.98
-65.758 -26.183 37.757
-66.336 -17.38 21.015
-66.49 -19.96 29.734
-21.857 27.849 -11.292
-10.766 -54.838 24.216
-6.984 -49.415 38.462
-55.49 29.876 5.065
-20.867 38.089 7.388
-31.096 40.659 15.331
-24.076 -46.895 57.475
-41.87 0.796 59.475
-5.978 -51.005 26.795
-21.516 -44.476 58.923
-52.3 35.829 21.241
-20.387 39.219 10.963
-48.986 -1.344 56.364
-49.736 29.885 0.627
-54.195 31.675 8.151
-34.586 32.326 -3.283
-26.944 -57.07 37.954
-11.05 -44.122 53.103
-39.597 39.783 17.457
-16.641 -55.738 29.772
-61.783 -13.35 43.806
-49.577 36.956 30.127
-13.058 36.191 10.361
-15.054 -43.256 56.253
-19.113 34.735 3.077
-4.448 -48.258 12.418
-17.152 -55.95 26.009
-64.782 -20.855 21.242
-10.364 -50.403 9.089
-30.962 -53.307 47.504
-40.36 31.793 -1.064
-48.887 2.235 55.052
-44.415 38.354 19.588
-56.815 30.816 10.79
-64.271 -12.345 36.82
-0.044 -34.982 0.498
-9.245 -52.142 21.995
-11.618 -52.885 30.936
-21.065 -41.185 60.788
-45.885 30.479 0.673
-61.107 -16.982 44.709
-24.001 -56.275 32.895
-4.536 -46.518 38.775
-35.102 -51.208 50.87
-47.699 -8.771 58.496
-43.153 -5.223 59.499
-48.566 36.344 21.77
-7.411 -44.393 46.691
-42.415 5.164 57.005
-15.613 36.39 13.186
-1.075 -43.775 12.23
-25.357 38.564 14.656
-26.843 -53.985 42.826
-34.443 39.23 17.081
-63.056 -15.249 13.726
-0.387 -41.255 9.476
-16.044 -54.081 21.147
-45.213 -10.969 60.317
-5.671 30.475 9.291
-28.739 29.317 -5.23
-63.97 -25.797 30.274
-29.712 31.084 -2.038
-55.097 26.339 3.705
-63.293 -21.577 36.663
-63.193 -29.443 27.1
-63.59 -24.937 34.9
-61.382 -21.79 42.911
1.52 -31.515 0.47
-4.406 -47.249 31.794
-22.337 26.061 -7.957
-64.155 -11.724 30.604
-14.269 -53.371 24.44
-31.323 -40.547 60.272
-62.148 -22.557 16.725
-25.7 5.113 57.595
-64.671 -13.367 27.205
-14.92 33.676 8.241
-16.709 28.904 -1.251
-14.314 29.829 1.575
-21.408 36.252 13.111
-60.356 -20.534 11.817
-9.252 -49.978 25.122
-38.502 1.73 57.985
-2.258 -45.046 34.025
-36.371 28.961 -3.13
-1.395 -45.445 28.045
-29.651 -0.368 59.661
-60.214 -27.672 15.62
-14.804 26.64 -3.64
-11.016 -44.685 47.895
-35.722 35.962 11.259
0.984 -43.192 30.001
-39.563 -3.935 59.365
-8.631 31.281 11.543
-37.331 7.225 56.346
-7.425 31.448 15.189
-43.132 -0.924 56.335
-25.779 26.304 -6.342
-29.481 37.559 16.937
-41.422 28.161 -1.311
-7.895 -48.529 19.424
-29.975 -52.283 43.983
-25.937 -0.258 58.825
-38.581 -48.497 50.398
-50.907 28.059 3.758
-61.209 -16.649 39.632
-3.783 -35.148 1.206
-24.352 -40.056 59.239
-25.0 -53.804 37.701
-40.544 35.211 12.642
-13.383 -48.115 8.715
-8.265 27.257 4.943
-14.621 -43.032 52.343
-43.582 -45.528 51.122
-28.494 24.335 -8.174
-10.946 32.316 16.332
-13.274 30.484 7.019
-30.755 35.098 10.683
-20.326 -53.889 25.647
-4.143 -43.066 40.285
-59.85 -13.219 40.536
-18.434 -41.505 56.128
-45.26 2.372 53.87
-60.92 -22.969 39.294
-34.463 -50.727 47.148
-41.822 -47.765 48.579
-39.523 36.198 16.178
-31.158 32.537 4.73
-6.658 -43.507 43.093
-51.157 33.33 25.247
-60.949 -30.693 29.899
0.978 -38.39 11.57
-6.347 -46.099 16.938
-31.358 30.681 1.39
-35.019 36.086 15.03
-58.458 -19.581 43.929
-2.581 -44.025 20.175
-33.435 -41.475 57.248
-25.109 35.57 17.009
-35.829 32.538 5.771
-48.321 34.485 27.515
-20.152 34.274 16.063
-46.215 26.695 0.789
-45.059 33.78 14.611
-48.248 -10.269 55.013
-43.741 35.001 17.965
-16.757 32.776 13.461
-32.716 -4.568 59.872
-15.957 28.88 4.892
-13.634 -48.889 15.219
-6.036 26.729 9.878
-17.457 23.991 -4.203
-24.262 -36.258 59.474
-51.343 -0.411 48.694
-22.838 -52.663 33.147
-53.209 -5.311 47.151
-39.984 8.622 54.015
-61.283 -14.203 35.357
-61.134 -10.856 32.775
-18.774 -51.427 21.207
-36.708 28.407 0.611
-55.036 24.678 7.131
-30.489 34.848 14.446
-40.159 3.041 54.828
-57.628 -23.207 11.651
-59.782 -14.565 11.927
-42.833 -10.311 57.404
-61.015 -15.971 16.867
-15.351 -49.339 18.577
0.955 -39.724 31.618
-2.243 -41.421 35.237
-19.473 -37.934 56.934
-43.338 -6.816 56.027
-40.859 31.27 7.511
-9.581 26.918 8.511
-26.493 32.762 10.832
-37.637 -43.437 53.597
-49.046 31.736 16.938
-36.841 -40.488 55.872
-35.665 32.554 9.575
-11.255 -41.093 49.138
-9.204 22.467 0.446
-31.754 32.177 8.486
-47.399 33.163 20.047
-27.495 -51.715 39.839
-29.922 25.589 -3.113
-50.892 24.283 3.419
-1.258 -30.101 2.639
-17.061 20.641 -5.958
-37.68 11.294 52.558
-58.821 -19.327 38.394
-6.191 -32.227 0.759
-7.472 -40.28 44.941
-45.884 -0.745 51.765
-24.718 7.037 54.448
-7.422 23.565 5.004
-11.841 24.557 2.196
-35.043 -7.485 59.143
-48.115 1.413 49.565
-47.134 -7.471 52.677
-58.778 -26.305 18.871
-11.292 -46.838 19.794
0.137 19.882 17.608
-27.412 26.728 -0.501
-25.981 32.84 14.562
-40.581 -43.175 51.209
-15.964 30.811 16.597
-27.304 29.672 5.205
-41.704 27.372 2.418
-5.782 -43.949 22.201
-39.751 -2.603 55.804
-12.367 28.944 15.273
-14.215 -45.901 11.695
-29.578 22.371 -5.103
-26.291 1.87 55.694
-45.321 29.621 9.686
-56.301 -17.83 7.752
-12.384 20.293 -2.951
-1.134 -40.044 23.872
-29.807 -34.997 58.146
-14.814 -39.252 52.437
-11.998 -45.597 16.269
-9.029 13.014 -6.275
-58.238 -32.401 27.869
-5.218 -40.877 37.551
-21.805 31.064 14.823
-39.993 31.727 11.186
-46.028 25.74 4.47
-22.254 30.0 11.206
-33.877 29.281 5.389
-34.753 -44.193 51.855
-21.448 -50.613 27.239
-3.861 -38.104 39.791
-3.311 -40.711 18.466
-7.299 25.527 16.507
-26.583 -47.501 46.23
-9.334 9.339 -7.246
-51.561 -2.35 45.431
-9.724 17.573 -2.74
-52.394 29.327 19.751
-4.685 -28.744 1.789
-7.611 -43.14 18.97
1.033 16.218 17.314
-9.691 -40.815 8.951
-17.423 -46.4 13.679
-25.722 -50.964 35.256
-23.636 -48.257 42.236
-20.513 1.682 54.201
-58.179 -12.258 36.389
-36.8 -45.493 48.92
-0.705 -12.687 -0.635
-27.813 29.695 8.993
-32.911 -47.246 47.085
-44.209 30.339 13.244
-30.731 -1.117 56.085
-57.733 -20.859 35.081
-58.086 -17.749 13.154
-28.861 27.008 3.007
-50.45 30.526 22.776
-2.806 -39.153 31.833
-22.325 -37.438 54.452
-59.965 -12.351 17.392
-26.375 -35.123 56.53
-1.159 -35.481 12.755
0.768 -36.739 23.645
-30.862 -45.071 49.446
-34.878 26.335 3.207
-57.952 -29.178 25.889
-29.723 -48.51 44.354
-6.459 23.386 13.482
-15.082 -41.321 6.462
-18.554 -39.079 51.828
-38.329 28.472 6.943
-30.386 -39.626 53.782
-49.359 27.452 12.249
-56.688 -28.938 20.679
-31.924 -36.537 55.377
-13.163 27.032 18.462
-11.109 22.749 5.446
-53.963 -20.792 8.134
-23.606 26.263 5.994
-54.165 20.972 7.225
-11.228 -40.579 44.125
-3.965 20.471 13.34
-23.505 -50.168 30.358
-31.084 -4.909 56.445
-19.11 -48.097 23.014
0.368 -32.634 14.73
-20.632 -47.745 38.205
-49.962 23.322 6.973
-12.109 -33.83 2.192
-18.93 -44.179 44.826
-14.74 -40.216 47.89
-18.58 18.346 -3.315
-25.764 -41.224 51.189
-42.6 27.17 8.732
-8.986 -31.981 3.344
-47.879 -4.476 47.894
-3.559 19.562 18.417
-10.292 19.191 2.078
-56.324 -22.438 15.148
-4.122 -38.968 21.758
-13.745 19.713 0.539
-18.509 28.053 15.965
-26.523 20.877 -1.743
-39.271 25.563 4.703
-51.965 -7.778 44.551
-5.809 21.733 20.563
-16.963 -45.96 19.318
-33.501 -40.604 51.851
-57.284 -26.902 28.858
-22.317 -42.91 48.071
-29.905 9.045 51.285
-24.546 22.577 1.063
-13.382 -41.125 9.86
-10.624 -37.457 7.363
-52.885 25.178 14.89
-35.217 8.654 51.334
-10.669 12.151 -2.942
-18.694 26.594 12.482
-24.119 16.19 -5.397
-47.803 28.405 15.572
-59.574 -9.019 25.255
-20.355 4.519 51.666
0.039 12.382 13.258
-56.234 -24.34 35.234
-23.952 26.948 9.711
-57.968 -11.357 30.706
-59.172 -12.469 23.728
-27.914 6.076 52.591
-10.567 23.699 17.212
-20.37 15.615 -5.229
-55.194 -25.673 16.853
-18.386 -42.028 8.199
-24.143 -4.002 54.926
-3.121 -35.887 33.764
-13.674 -44.001 35.844
-45.22 -9.596 50.18
-34.06 -9.322 55.934
-16.561 -36.296 3.596
-54.206 21.107 11.012
-6.578 -34.513 8.679
-15.74 -43.974 40.654
-26.942 -47.981 40.36
-2.99 -10.895 1.835
-20.455 -3.913 53.986
-12.368 15.201 -1.4
-25.95 23.698 4.435
-0.211 6.902 9.499
-7.437 -26.462 3.098
-11.019 -41.403 36.636
-18.751 -46.739 33.65
-14.495 9.282 -5.716
-6.608 17.925 8.792
-56.217 -12.144 9.724
-29.219 -41.657 49.685
-11.277 7.688 -4.425
-43.321 24.097 6.586
-4.955 -24.215 4.93
-13.91 -26.465 -0.564
-2.289 -34.54 23.242
-24.085 -47.779 36.573
-23.425 -47.513 26.268
-1.416 13.362 16.649
-6.117 -35.038 39.986
-25.478 -43.864 46.166
-7.5 -36.707 11.647
-17.419 -42.728 14.711
-22.248 -44.817 43.073
-46.411 25.345 11.152
-51.131 26.158 18.097
-7.602 -38.97 32.291
-55.75 -14.307 34.215
0.835 -27.775 18.286
-20.13 -36.86 4.727
-15.912 24.532 17.464
-27.583 17.24 -1.278
-19.989 -44.165 17.851
-21.963 -45.809 21.96
-48.296 -7.345 45.471
-46.374 -1.199 46.73
-15.618 -32.641 3.19
-1.875 9.428 11.803
-6.462 17.704 14.132
-8.916 19.128 11.601
-1.173 -30.974 17.766
-21.126 22.41 7.713
-11.268 22.561 20.747
-27.024 14.375 -3.724
-4.121 -31.121 11.636
-55.836 -19.683 30.186
-2.027 -33.008 26.721
-37.642 6.515 49.317
-10.224 -38.153 38.433
-22.161 -47.027 32.005
-19.136 -44.33 38.96
-21.101 23.935 11.222
-4.186 5.705 5.292
-57.548 -7.407 28.022
-54.098 -15.306 9.653
-12.556 -41.751 31.483
-22.581 -35.719 51.058
-20.76 -27.437 -0.463
-55.322 -23.852 25.229
-18.871 -37.478 48.382
-17.729 -44.907 28.94
-49.932 23.249 13.478
-2.387 -24.744 12.052
-43.481 4.253 46.122
-6.12 14.473 10.289
-7.867 12.744 6.078
-17.05 12.892 -2.206
-35.775 -8.021 52.779
-46.844 22.303 8.893
-21.244 -1.024 51.63
-54.736 -27.127 23.405
-5.978 -13.0 2.93
-57.488 -12.645 20.305
-52.353 -23.451 13.526
-15.944 -38.215 44.878
-24.88 -38.121 49.197
-5.1 2.47 3.455
-54.195 -19.759 33.595
-5.944 -28.23 9.966
-13.291 -38.063 42.159
-6.741 -35.287 32.778
1.05 4.48 25.649
-16.422 22.552 14.246
-22.275 -30.34 1.479
-11.217 -36.283 10.954
-43.636 -7.021 47.844
-17.278 -43.412 34.774
-39.033 -9.144 51.131
-25.651 6.864 49.403
-8.707 19.287 20.597
-14.65 -22.864 0.424
-9.56 -20.892 2.726
-49.016 -17.483 5.143
-3.091 4.511 8.737
-18.273 -38.85 10.301
-20.316 -40.639 13.387
-18.428 -40.692 43.412
-21.568 -39.492 46.583
-0.315 6.019 28.843
-20.634 16.635 2.237
-14.929 -40.385 39.648
-15.524 -27.855 2.587
-11.248 -38.709 33.338
-7.03 -35.238 28.683
-16.236 2.555 48.317
-50.562 20.098 11.417
-52.977 -16.641 35.381
-25.257 -24.596 -1.283
-10.653 15.017 7.303
-10.966 10.65 3.013
-17.106 9.18 -2.944
-20.206 13.993 -0.411
-24.082 17.751 3.383
-52.461 -20.204 11.558
-56.649 -8.84 15.657
-21.4 -44.771 27.938
-23.571 19.766 6.584
-6.328 -22.082 7.747
-3.474 -27.456 14.497
-9.347 7.229 3.417
-16.905 -42.413 24.781
-50.622 -14.155 6.074
-42.995 0.553 46.785
-10.394 18.858 23.948
-54.845 -9.859 32.33
-8.845 -34.781 37.353
-53.129 -25.814 33.616
-26.811 -27.401 0.785
-9.061 -31.951 10.023
-4.938 -32.067 29.0
-14.61 20.876 20.099
-12.461 -23.231 3.534
-4.871 11.22 28.474
-4.33 12.453 22.625
-53.664 -26.546 29.942
-7.365 -32.01 13.405
-5.967 -18.329 8.242
-23.579 3.694 49.833
-53.042 -24.317 19.691
-20.799 -21.575 -1.309
-31.935 7.625 48.43
-0.185 2.17 22.895
-20.549 -42.76 23.734
-16.251 -41.829 30.612
-54.758 -10.38 12.745
-12.249 -38.633 27.319
-19.418 20.394 13.358
-18.787 -25.924 2.427
-9.839 13.922 10.846
-53.661 -21.971 28.102
-9.338 9.807 8.043
-26.386 -9.701 54.089
-12.182 -18.29 1.809
-2.184 -26.202 20.009
-9.016 -10.698 3.128
-53.599 -21.114 21.637
-16.535 -39.677 20.693
-15.755 -1.229 48.323
-43.295 -19.323 2.07
-20.027 -40.772 19.605
-15.068 18.666 17.055
-10.66 -36.007 29.582
-3.399 7.836 27.563
-7.536 14.084 23.817
-19.777 18.223 10.247
-20.188 -34.279 7.51
-11.131 0.736 44.46
-4.47 -29.098 20.883
-6.82 3.682 38.809
-40.676 -10.071 47.827
-6.312 8.735 33.974
-43.096 -16.0 0.208
-31.37 -24.183 0.187
-29.903 -21.138 -1.599
-21.564 -36.959 10.0
-10.711 0.233 1.934
-17.131 9.498 1.673
-27.856 -16.62 -4.08
-8.739 2.074 4.61
-41.127 6.44 44.115
-14.396 6.82 1.659
-5.066 -22.178 12.929
-8.756 6.916 38.32
-12.696 10.344 6.375
-7.106 -27.063 13.41
-15.954 -39.357 26.862
-4.819 5.225 34.25
-36.44 -18.124 -1.684
-36.984 -21.328 0.295
-4.688 -28.414 24.622
-37.849 7.494 45.667
-4.307 6.52 20.393
-23.08 -18.522 -1.687
-20.155 -37.813 15.927
-9.512 14.146 27.066
-5.888 9.981 20.218
-13.879 1.629 0.358
-20.708 10.369 2.53
-20.934 12.96 5.29
-22.958 -23.189 1.416
-19.127 -15.324 -1.038
-11.675 4.199 42.95
-13.394 16.859 22.785
-2.738 2.729 29.858
-43.751 -7.87 44.122
-21.62 5.513 46.58
-8.803 -4.61 5.626
-12.515 5.525 4.682
-53.079 -17.061 26.153
-54.866 -6.597 21.64
-22.959 -29.327 5.099
-4.656 -22.831 16.662
-7.261 -30.97 25.707
-12.652 -35.094 23.871
-2.573 -0.538 31.786
-23.116 16.561 9.367
-48.719 -21.402 10.414
-23.644 -32.722 7.36
-16.935 -36.221 17.188
-54.236 -8.647 26.621
-28.398 -12.857 -3.862
-6.346 5.431 15.087
-24.926 -5.288 51.419
-18.399 16.951 16.268
-52.522 -11.935 30.139
-50.505 -22.112 16.598
-33.45 4.235 47.738
-52.051 -17.557 29.8
-24.249 14.096 6.685
-54.53 -9.083 18.785
-15.989 -36.703 23.002
-12.751 -18.051 5.555
-10.563 11.303 30.772
-11.492 -6.493 3.731
-23.248 -8.644 52.166
-6.69 -0.142 11.33
-14.26 14.685 19.787
-51.446 -20.104 24.597
-8.438 9.913 27.925
-26.706 -29.141 5.818
-3.827 2.896 23.836
-19.09 -17.86 1.781
-8.889 -18.257 10.642
-19.323 2.475 46.086
-21.59 -34.468 12.862
-5.864 -17.767 15.47
-10.159 -9.729 6.601
-27.985 5.907 46.567
-5.768 -0.91 36.151
-13.09 13.668 25.867
-19.244 14.586 13.427
-6.696 -25.066 19.014
-17.109 2.893 1.918
-12.447 9.033 35.188
-8.164 -5.488 9.318
-17.808 5.495 43.154
-5.769 1.943 16.409
-10.006 -30.117 28.196
-50.639 -14.712 31.945
-48.032 -18.033 8.781
-12.451 -32.695 26.815
-50.6 -18.792 18.426
-27.265 -25.543 4.071
-13.252 -14.266 5.446
-37.765 -0.178 45.816
-26.638 -16.931 -0.498
-10.501 -13.772 8.044
-40.823 0.31 43.619
-9.784 7.669 32.785
-6.15 4.108 30.879
-52.802 -5.087 24.469
-7.589 -15.544 12.94
-18.775 -32.258 14.191
-44.578 -20.58 8.003
-30.84 -25.997 5.286
-5.825 -19.089 18.999
-17.245 -33.642 19.972
-14.559 -4.273 3.924
-47.278 -12.459 6.918
-33.175 -13.448 -1.258
-7.587 -25.211 22.688
-17.662 13.108 19.266
-27.684 -20.109 1.383
-28.178 -10.567 50.843
-22.666 13.021 12.829
-40.129 -14.564 2.135
-23.874 -30.85 10.662
-10.542 -0.687 40.991
-21.506 -13.122 0.964
-8.124 2.042 35.613
-18.301 5.12 4.746
-14.957 6.922 39.244
-7.479 4.46 20.62
-9.002 6.277 17.645
-21.5 9.343 8.251
-43.02 -18.009 5.638
-4.699 -2.674 29.511
-10.32 -27.662 23.781
-21.649 6.792 5.415
-51.208 -7.467 28.605
-33.679 -16.771 0.54
-31.832 -22.579 3.617
-14.499 -31.333 21.247
-37.948 -8.699 45.581
-22.897 -17.844 2.053
-35.701 2.916 44.983
-50.392 -6.422 8.783
-35.23 -23.225 5.152
-12.097 5.43 37.234
-14.07 11.134 23.253
-39.923 -20.82 5.836
-41.234 -5.16 43.091
-36.879 -19.8 3.782
-26.92 -11.556 -0.583
-9.735 1.838 12.487
-30.92 -8.533 49.137
-14.182 10.703 29.704
-7.68 -2.813 13.883
-46.981 -20.795 13.774
-5.088 -6.431 29.092
-36.231 -11.97 0.483
-42.084 -2.105 40.985
-8.455 -3.21 37.573
-24.362 10.868 10.195
-15.094 3.38 41.481
-18.805 10.916 16.391
-26.884 -27.795 9.385
-9.184 -20.843 18.671
-29.329 2.416 45.907
-19.254 -13.13 4.052
-5.972 -0.21 24.573
-9.424 -9.605 13.052
-33.271 -10.924 47.391
-16.424 -2.036 44.603
-10.927 -12.88 11.746
-15.241 -29.619 24.569
-18.363 -4.319 4.419
-21.433 -28.474 12.34
-9.469 1.119 16.212
-24.152 5.167 43.761
-14.996 -15.642 42.772
-10.625 -3.723 11.658
-48.378 -18.137 21.451
-19.119 -30.28 17.439
-14.209 -12.103 43.897
-20.034 -0.943 3.977
-49.998 -5.294 12.367
-48.64 -15.493 26.798
-13.103 -26.942 26.283
-41.286 -11.398 3.924
-22.428 9.806 16.096
-17.503 9.859 22.306
-46.976 -3.427 5.778
-42.132 -7.828 2.845
-17.073 -27.686 19.363
-15.687 8.26 33.356
-49.174 -14.833 23.085
-48.568 -9.954 27.463
-48.424 -1.305 8.578
-30.544 -24.992 8.926
-11.175 -7.216 40.505
-18.115 -19.394 40.624
-20.805 5.267 40.822
-24.456 -8.861 2.927
-8.729 -11.607 17.952
-10.586 -21.539 22.117
-34.825 -11.965 44.099
-20.684 -10.469 46.149
-46.577 -17.398 15.423
-15.6 -16.886 39.247
-8.025 -1.404 21.634
-19.971 1.399 6.927
-24.322 7.538 13.689
-47.05 -10.248 10.054
-8.943 -13.578 21.217
-21.893 5.927 11.303
-22.148 -27.224 15.854
-46.609 -6.653 8.832
-49.098 -6.366 15.896
-24.71 -25.149 11.0
-13.305 -24.08 22.818
-12.792 -3.747 40.474
-43.781 -5.499 5.379
-18.044 6.296 37.131
-18.296 -26.543 22.787
-49.423 -6.485 23.44
-45.003 -0.636 10.089
-25.191 -12.761 43.64
-20.242 -16.334 41.384
-27.883 -12.949 2.817
-15.159 8.061 27.228
-43.021 -19.973 11.426
-31.827 1.606 43.169
-14.197 -9.401 41.236
-11.337 -2.023 35.364
-38.79 -20.575 9.486
-36.589 -1.047 41.528
-48.899 -4.027 18.89
-46.953 -12.975 29.093
-24.564 -12.306 4.531
-33.285 -1.912 43.153
-8.666 -5.99 27.825
-18.518 7.303 19.654
-22.726 3.231 8.785
-34.346 -12.22 3.798
-34.585 -22.302 8.8
-11.282 -16.174 19.607
-20.005 -24.519 17.437
-23.724 -8.177 45.972
-28.675 -11.296 44.069
-16.547 -23.799 24.774
-38.286 -9.492 41.863
-25.391 1.736 42.698
-10.967 -7.008 35.247
-36.713 -7.321 3.328
-20.944 -14.37 7.274
-38.141 -3.297 38.891
-18.683 7.535 25.98
-33.177 -8.594 3.792
-9.807 -2.581 26.541
-19.007 -8.499 43.343
-21.068 -16.072 37.687
-43.569 -2.581 13.047
-12.316 -8.565 15.317
-19.046 -4.779 44.185
-27.968 -7.969 4.118
-12.298 -12.109 16.733
-20.954 -22.985 20.774
-11.001 -4.426 32.468
-13.429 -17.967 22.175
-11.728 -0.983 20.934
-22.186 6.283 19.478
-24.766 -23.685 14.463
-16.586 5.38 31.017
-28.515 -22.069 10.228
-15.896 -20.381 20.587
-45.409 -13.107 20.163
-46.56 -2.977 21.699
-44.964 -16.604 18.758
-42.123 -16.558 12.857
-42.755 -1.565 16.615
-36.613 -6.52 40.138
-46.449 -5.473 25.573
-37.769 -8.934 6.602
-39.239 -4.164 8.079
-45.035 -14.048 23.83
-24.498 4.736 16.905
-19.087 -20.244 22.647
-32.701 -9.782 41.809
-21.774 2.042 39.071
-14.432 -5.885 36.408
-24.375 -7.014 7.579
-28.182 1.525 40.156
-24.226 -9.282 42.383
-21.828 2.716 15.027
-22.298 -20.989 15.53
-20.688 -11.279 9.453
-29.268 -11.84 40.32
-18.893 3.22 35.059
-16.122 -10.745 35.98
-32.723 -19.214 10.056
-26.496 -3.906 7.143
-35.561 -4.11 7.101
-17.76 -0.906 16.208
-29.54 -2.004 39.763
-44.207 -8.464 24.809
-27.245 -9.491 7.525
-13.014 -4.169 25.101
-18.996 4.408 23.824
-14.399 -9.823 32.71
-14.169 -3.618 19.701
-13.001 -7.897 25.896
-37.463 -17.412 11.127
-33.043 -1.449 38.429
-22.422 -12.584 37.07
-28.468 -20.938 13.855
-40.798 -16.099 16.393
-35.999 -2.912 12.325
-19.999 4.741 29.448
-23.721 -19.699 18.775
-33.427 -10.444 38.143
-43.245 -11.8 26.329
-34.922 -7.512 8.664
-38.559 -5.622 11.515
-15.804 -6.296 32.886
-43.455 -4.855 20.603
-40.076 -1.861 19.228
-22.718 3.9 24.271
-21.168 -1.02 14.546
-32.251 -18.54 13.774
-29.226 -5.289 9.458
-41.164 -12.546 17.703
-36.606 -16.967 14.801
-34.454 -3.888 35.888
-17.353 -4.343 17.803
-20.756 -10.08 13.061
-19.202 -16.595 19.268
-24.785 1.701 36.755
-26.543 -17.698 14.582
-25.777 -1.876 35.929
-40.967 -13.468 21.376
-22.126 2.63 33.136
-20.301 -13.442 14.742
-24.796 2.339 21.511
-40.634 -5.525 23.065
-22.509 -16.962 21.103
-19.699 -11.379 31.727
-16.533 -7.993 27.266
-22.204 0.353 19.543
-20.652 1.352 27.82
-19.172 -12.911 18.337
-33.711 -3.189 15.374
-32.523 -7.026 36.705
-24.836 -11.62 34.304
-28.068 -9.813 37.301
-29.465 -1.39 35.328
-37.766 -4.31 17.555
-35.696 -13.372 15.616
-27.965 -17.038 18.041
-19.333 -9.081 34.747
-18.659 -3.637 22.067
-31.037 -15.065 14.828
-39.228 -8.479 21.103
-36.862 -13.426 19.212
-25.627 -9.356 13.752
-39.281 -11.039 23.834
-27.203 -6.095 12.597
-31.272 -3.238 32.561
-21.393 -3.405 19.418
-24.065 -12.956 18.222
-18.122 -6.915 23.949
-32.451 -15.068 18.339
-26.418 -14.728 20.606
-22.829 -0.822 31.646
-29.81 -9.929 33.906
-24.441 1.472 27.778
-23.407 -9.43 16.866
-26.592 -0.537 31.637
-22.208 -10.251 29.079
-31.527 -6.307 15.041
-26.191 -0.298 24.9
-29.202 -6.431 32.538
-24.744 -8.717 31.875
-21.605 -6.932 27.314
-34.141 -8.688 19.474
-35.308 -5.2 20.262
-30.224 -12.904 20.517
-28.783 -1.904 28.837
-28.522 -10.503 18.137
-34.964 -11.483 21.885
-28.667 -6.752 17.525
-23.457 -2.607 23.582
-23.007 -6.404 23.818
-27.047 -8.555 28.887
-26.594 -4.874 28.026
Surface Atom:
-78.19 -20.664 38.385
-49.39 46.391 12.769
-21.816 -55.936 58.787
-55.726 41.294 7.507
-46.62 46.703 10.175
-39.428 48.752 7.257
-74.474 -20.613 37.419
-40.385 47.526 3.783
-55.658 42.401 15.198
-53.437 43.011 12.143
-17.216 -58.853 50.734
-45.264 45.306 5.161
-52.086 41.961 6.639
-29.537 -57.851 55.293
-25.786 -57.166 55.445
-20.408 -55.994 55.253
-47.923 42.824 6.186
-33.918 47.498 5.881
-38.813 45.017 1.404
-28.709 -53.637 59.731
-31.374 47.01 3.067
-14.325 -56.398 51.152
-40.89 42.743 -0.811
-74.078 -12.931 34.854
-22.551 -59.471 48.258
-26.975 -50.997 61.843
-31.859 48.64 11.119
-40.306 45.988 9.723
-52.304 38.908 4.401
-71.937 -23.423 37.012
-14.107 -53.79 53.887
-45.176 46.081 16.645
-44.827 41.224 1.54
-24.87 -58.342 51.044
-51.392 43.478 18.515
-72.656 -15.365 37.394
-20.47 -59.932 44.096
-18.033 -53.093 55.916
-46.484 42.904 9.752
-13.175 -57.854 45.033
-19.657 -56.019 51.464
-23.807 -52.711 58.423
-42.977 42.264 4.679
-29.621 46.878 8.6
-71.714 -18.97 32.324
-17.184 -59.74 42.129
-26.478 45.645 4.286
-54.762 37.844 8.802
-47.55 43.766 14.801
-5.487 -57.015 38.571
-49.47 -6.225 65.391
-21.85 42.341 -1.851
-33.268 43.773 2.526
-40.246 45.6 13.491
-23.125 44.408 2.912
-60.829 34.966 14.546
-22.321 46.085 10.725
-52.793 39.282 11.691
-29.899 -58.406 49.16
-11.77 -56.366 41.823
-52.986 40.354 17.022
-32.509 44.537 7.834
-56.385 39.302 20.534
-18.037 -60.299 37.117
-34.092 -55.304 53.833
-2.75 -54.664 37.389
-26.298 -59.077 45.773
-39.646 39.149 -0.528
-25.403 41.196 -1.038
-70.188 -19.704 28.902
-69.629 -13.314 38.459
-8.092 -56.961 35.78
-70.932 -13.404 32.716
-34.548 -52.802 56.668
-44.194 37.518 1.125
-30.079 -55.93 52.049
-69.701 -18.777 22.09
-25.716 -53.379 55.21
-22.257 43.67 7.771
-32.546 45.457 13.067
-21.261 -55.902 48.02
-16.081 -55.393 45.092
-10.012 -53.889 44.117
-26.067 43.618 7.491
-39.364 36.814 -3.489
-68.492 -23.664 38.628
-70.083 -15.966 24.615
-14.199 -50.306 52.38
-30.138 46.231 15.906
-36.926 45.076 15.247
-44.462 43.408 19.272
-69.138 -24.303 31.094
-49.573 41.362 21.11
-31.072 -51.57 57.592
-50.0 35.865 4.502
-15.027 -58.411 35.768
-20.205 38.938 -1.386
-5.312 -55.0 32.768
-44.18 35.446 -2.022
-31.291 40.529 2.41
-24.34 40.8 2.591
-58.96 33.886 11.432
-4.433 -52.015 39.522
-22.512 37.466 -4.036
-68.856 -16.591 33.097
-10.665 -54.708 37.46
-26.461 -56.254 48.29
-11.418 -47.887 53.295
First Box:
-68.856 -16.591 33.097
setting PYTHONHOME environment
setting PYTHONHOME environment
setting PYTHONHOME environment
setting PYTHONHOME environment
setting PYTHONHOME environment
setting PYTHONHOME environment
setting PYTHONHOME environment
setting PYTHONHOME environment
setting PYTHONHOME environment
setting PYTHONHOME environment
setting PYTHONHOME environment
setting PYTHONHOME environment
setting PYTHONHOME environment
setting PYTHONHOME environment
Blue Atom:
21.737 6.986 -16.851
16.875 5.092 -0.538
17.892 -16.783 -36.53
8.959 -30.327 -38.827
-15.771 10.689 -25.943
15.262 7.935 -2.508
19.887 -37.35 -12.578
18.736 0.448 1.229
9.482 -14.019 12.156
-20.896 -38.227 -8.933
23.094 3.515 -17.571
-22.715 6.912 -15.263
-24.731 4.677 -12.939
17.119 -37.213 -22.794
-11.093 -44.721 -19.121
-24.731 -31.722 -24.109
-11.975 7.174 -33.256
-23.851 -34.242 -21.4
-5.171 17.033 -17.897
-8.969 15.952 -12.667
-4.474 -46.195 -23.7
14.582 12.945 -15.85
-15.963 -38.877 -27.957
19.948 -6.47 3.846
17.288 -1.619 4.086
-9.047 -45.943 -12.939
-7.339 -44.088 -27.813
15.388 -39.085 -5.725
-19.592 9.072 -15.281
-4.057 16.387 -6.255
24.286 0.355 -11.559
1.2 -0.871 11.145
-19.408 -34.764 -1.11
-7.796 -45.043 -22.281
-12.671 -40.342 -29.114
21.907 -33.124 -10.213
20.081 -32.882 -23.83
-7.248 8.89 -32.41
-16.806 10.136 -6.152
21.541 1.931 -7.203
-10.717 -42.669 -26.825
16.52 -39.272 -16.183
14.581 -39.656 -21.332
-9.793 -0.24 -39.14
-13.758 -39.694 -2.115
23.283 -26.625 -24.377
-6.921 11.667 -29.771
-21.176 -36.748 -20.424
-22.635 4.379 -21.572
-22.292 5.161 -10.057
-14.0 11.375 -3.916
-18.836 -27.037 4.963
-14.384 -36.595 0.059
20.168 -30.465 -26.769
-20.036 7.095 -22.2
-11.076 13.396 -5.251
-11.929 -3.286 -39.954
-4.501 14.402 -25.048
-11.973 10.924 -25.566
-7.977 14.23 -3.244
-6.906 15.634 -8.65
-21.672 -32.64 -26.208
-7.81 13.548 -23.393
16.325 9.526 -11.482
-10.434 -42.431 -5.785
-22.83 -34.347 -14.003
16.563 -35.88 -4.038
19.684 -34.405 -14.983
20.079 4.856 -11.745
-12.917 -41.519 -8.502
8.422 -43.709 -9.168
-17.253 -38.686 -7.913
-21.205 -30.322 -29.211
-10.574 3.712 -34.044
-20.744 -23.758 4.712
-23.089 2.801 -7.173
23.646 -3.56 -7.787
10.304 -43.249 -14.73
14.48 -10.676 7.703
22.938 -29.474 -14.152
-18.766 4.787 -26.148
-17.985 -31.487 0.218
-10.325 -35.422 3.292
0.203 -14.224 -41.892
-21.373 2.036 -25.866
-24.56 -31.232 -15.295
20.086 -21.212 -30.725
17.577 4.576 -8.89
-6.799 -17.328 11.028
-8.102 -40.289 -2.385
22.81 -28.427 -10.504
19.423 -9.955 2.396
2.568 -11.355 -41.02
16.411 -36.644 -11.176
-8.928 -14.156 10.992
-25.102 -29.119 -11.163
-7.825 -43.313 -17.739
-11.62 6.457 -29.529
-2.663 13.994 -21.738
-7.691 -42.687 -8.429
-23.024 -32.049 -9.905
-0.339 6.368 -34.165
-13.798 2.21 -32.733
21.25 1.721 -14.76
22.918 -22.824 -24.099
10.766 -6.402 8.352
-20.434 -29.657 -2.052
-9.717 -42.383 -14.093
-4.199 -4.489 -40.016
-5.648 14.141 -13.153
-10.924 -31.976 4.849
-17.633 -34.183 -4.428
-6.336 -0.144 -37.565
-2.808 -7.976 -40.611
-1.588 3.3 -36.028
-6.412 13.511 -17.224
13.91 2.791 -0.989
-1.305 9.715 -28.891
-22.992 1.386 -19.271
24.418 -8.224 -10.351
23.56 -4.672 -11.44
16.748 -4.996 2.385
11.977 -40.398 -12.828
11.564 7.224 -3.087
-13.378 -23.514 7.675
-15.073 -27.633 4.786
-4.801 9.557 -27.405
-11.908 -20.155 8.675
-24.479 -28.496 -17.934
16.199 -24.857 -32.854
-10.516 -39.905 -24.126
14.537 -34.496 -23.496
-10.829 -38.219 -4.047
15.043 -36.113 -14.694
11.025 -38.506 -22.125
5.374 -5.638 -38.406
20.771 -0.242 -10.229
8.417 -0.762 5.644
14.469 9.172 -16.341
16.032 -0.375 -1.328
-12.115 -14.386 8.912
-7.159 -41.384 -23.118
19.551 -27.264 -24.786
-3.506 -13.635 -41.117
12.171 -4.33 5.475
-16.245 -31.341 -31.038
15.347 -13.271 5.075
1.828 1.315 -36.419
-7.847 6.191 -29.774
-21.599 2.592 -15.932
-7.502 -30.133 6.539
-22.263 -29.943 -20.663
7.168 -29.85 -35.497
-3.936 -23.465 9.282
16.517 -34.019 -7.361
22.746 -24.685 -11.22
18.839 -31.986 -12.149
16.073 -27.117 -29.796
1.988 -0.238 7.477
-4.452 -35.916 2.057
-0.237 -1.655 -37.582
-12.387 -4.268 -36.307
-9.361 -26.865 7.032
-14.207 -34.08 -2.794
16.799 -31.616 -22.337
4.092 -31.854 -34.509
-6.846 11.885 -8.06
-21.531 -1.313 -24.094
-10.496 10.839 -8.093
-0.295 2.184 5.654
20.141 -18.54 -28.035
12.203 -30.098 -31.423
-5.445 -39.457 -4.985
17.74 2.775 -22.466
-19.608 -23.037 1.158
-24.081 -25.763 -12.627
0.325 9.948 -25.425
-22.406 0.26 -13.047
5.361 -17.875 8.767
-7.718 -34.541 0.679
8.816 -39.951 -8.75
-18.454 2.607 -3.673
8.674 -14.293 8.454
-21.927 -27.694 -23.711
15.483 -16.736 -33.587
3.958 5.568 -30.97
5.56 -9.441 -38.206
-5.873 -9.488 -38.969
-6.844 1.058 -33.995
-16.892 -3.675 -31.256
11.019 -9.687 6.447
7.478 3.611 1.032
4.195 7.204 -0.507
1.713 -25.057 7.791
17.919 2.961 -16.114
-14.58 -29.026 1.288
-22.562 -23.736 -4.695
9.175 -34.233 -27.613
4.991 -37.389 -27.024
-3.98 10.457 -21.193
4.814 2.027 3.25
-6.689 -40.208 -13.34
5.691 -37.152 -0.813
13.991 5.415 -25.088
-8.248 -39.684 -18.819
-14.353 -34.633 -26.785
12.926 -12.502 -34.553
-8.303 -39.175 -9.774
7.664 -32.368 -30.56
10.113 -4.687 -34.623
-14.003 -1.211 -31.085
-3.453 11.106 -17.21
-15.409 5.963 -7.436
-3.13 -19.75 9.475
-19.884 -26.348 -3.884
16.281 -21.623 -30.817
0.195 5.178 -30.595
18.591 0.892 -19.231
0.003 -12.074 9.497
-13.898 -18.232 6.097
6.75 -4.184 5.591
11.112 -26.481 -31.829
-20.069 -0.259 -20.751
-19.98 0.707 -6.574
-1.66 -28.532 6.078
-17.745 -28.891 -28.572
7.469 -17.597 -37.599
-11.314 -37.701 -19.844
0.034 -9.799 -38.602
-6.772 10.565 -12.526
18.319 -9.028 -1.12
10.226 -34.402 -1.757
-12.921 -32.436 -29.535
-1.181 -33.981 -31.855
9.767 -17.275 6.374
-11.296 -36.45 -25.466
-18.782 -5.79 -28.735
-11.929 7.438 -7.232
-8.395 -18.696 7.827
7.072 -0.801 -33.559
-10.178 8.912 -12.636
-15.03 4.222 -4.088
-3.648 4.835 1.223
10.769 5.402 -6.334
1.957 -19.615 -38.056
-7.841 -17.489 -37.945
10.767 8.599 -15.785
8.756 -1.205 1.887
2.5 -37.375 -2.897
-4.457 -15.718 -38.073
-1.645 -15.453 8.854
-5.006 -9.342 8.07
-21.911 -27.017 -15.486
12.729 -34.351 -7.48
6.201 -14.025 -37.358
-3.273 1.808 -32.927
19.938 -11.096 -3.877
5.856 7.001 -3.912
-2.281 -35.38 -1.029
-11.0 -30.316 1.422
9.376 -5.704 3.278
10.291 6.13 -24.572
21.024 -8.355 -8.636
20.23 -23.022 -21.408
-4.286 -5.144 -36.288
-14.307 -10.134 4.388
-22.413 -21.234 -7.563
9.469 -36.25 -19.444
16.105 -14.051 -30.967
-11.578 -12.429 5.691
5.745 -37.214 -23.293
4.524 5.743 -27.207
-17.756 -3.581 -25.797
11.35 -29.666 -27.742
19.969 -24.557 -13.812
12.938 -25.264 -28.723
-4.929 -28.672 4.164
-18.385 -28.526 -24.833
-12.412 -22.937 4.033
21.026 -21.173 -18.178
-6.164 -35.792 -5.811
5.684 -39.065 -10.706
-19.304 0.49 -10.86
1.22 -31.034 -32.144
3.718 -22.24 -35.929
6.331 -5.073 -34.762
3.288 -0.425 -33.367
-12.024 -9.063 -33.89
-21.088 -2.613 -17.968
9.679 6.522 -9.78
-1.661 -24.178 6.311
-20.908 -23.642 -10.125
12.509 -32.506 -4.174
-10.325 -5.697 -33.451
2.52 3.801 -0.699
-1.96 1.591 2.296
-0.913 6.515 -24.38
14.459 1.792 -24.103
-2.288 -7.033 6.722
-17.891 -18.458 -0.771
-5.165 -37.03 -9.69
3.969 -33.758 -27.519
13.773 -11.694 1.999
4.209 -20.44 6.189
10.742 -15.504 -33.653
-9.548 -13.615 -35.686
4.094 -14.775 6.927
-1.24 7.862 -20.633
-8.992 -24.576 4.023
6.498 -33.593 -1.823
7.128 -36.996 -16.539
-3.015 -25.426 -35.302
-6.288 -11.671 -35.869
13.517 4.586 -19.427
-14.457 -32.778 -22.278
-16.425 -21.943 -0.611
-21.775 -24.724 -18.505
-7.682 -36.937 -14.995
-14.292 4.283 -11.598
10.078 5.285 -20.878
3.685 -24.839 4.57
0.754 -28.671 3.134
-11.022 -35.18 -15.468
11.172 -9.753 -32.597
-9.676 -19.653 -35.42
-1.195 -3.736 -34.548
5.724 2.261 -2.071
3.538 -35.876 -6.212
15.979 -12.75 -0.915
-7.932 -3.084 3.613
-5.211 7.877 -16.195
2.655 5.756 -5.561
-15.725 -14.035 1.637
17.447 -19.893 -25.704
-2.081 -33.09 -28.253
-14.863 -10.99 -32.231
-19.343 -5.136 -22.706
-8.725 6.581 -16.836
2.606 -9.697 -35.8
8.37 -1.113 -29.978
-4.999 -19.278 6.185
-11.077 -34.231 -21.363
7.264 -35.156 -6.174
18.661 -19.146 -22.175
6.759 -32.546 -25.211
2.387 -35.486 -22.804
-1.994 -21.752 -35.632
4.984 -1.324 1.459
-2.963 3.955 -2.422
5.814 -18.379 -34.268
-12.96 -16.244 3.0
7.72 -29.062 -28.684
10.489 -5.449 -30.935
-0.284 -11.247 5.806
2.381 -17.103 -35.254
-10.679 5.408 -11.298
-4.004 -12.008 5.569
-7.552 -6.809 4.428
7.465 5.886 -12.805
7.607 -13.355 -33.885
-14.979 -8.099 1.26
-15.572 -8.421 -29.489
10.352 4.821 -15.578
-3.42 -32.064 -2.552
-19.572 -16.317 -3.425
0.806 -16.506 6.132
18.766 -6.983 -11.369
-18.358 -1.764 -15.469
-21.352 -22.153 -13.617
4.06 -35.941 -14.555
6.017 -35.294 -10.828
2.484 2.666 -26.277
17.549 -10.556 -6.798
14.168 0.885 -19.008
9.014 -15.44 3.131
-18.587 -25.968 -20.141
-11.569 -15.517 -33.073
11.969 -15.47 0.725
-3.088 -33.585 -6.278
1.658 4.133 -22.843
13.881 -15.55 -28.272
-19.566 -19.007 -6.121
1.004 -21.9 -33.273
-6.254 -34.028 -11.774
-3.139 5.0 -18.996
16.792 -25.279 -11.844
-3.925 -7.178 3.287
-6.466 3.689 -20.339
-9.661 -32.297 -11.575
17.78 -21.487 -16.199
7.385 3.355 -17.475
8.549 -31.595 -6.032
-13.135 1.864 -16.115
-14.211 -30.119 -17.88
2.847 -33.37 -10.013
15.789 -15.743 -24.974
16.35 -4.511 -17.47
-16.207 -12.048 -1.581
-0.647 -29.648 -27.509
-2.201 -25.391 -31.581
1.064 2.339 -6.177
-16.805 -4.29 -20.014
-10.901 -31.902 -17.393
-9.703 3.245 -15.283
4.736 -19.014 2.704
-5.788 -3.4 0.481
-2.224 0.248 -2.676
1.166 -31.87 -22.752
-16.906 -9.491 -26.076
8.03 -19.142 0.804
-18.206 -23.366 -15.404
13.899 -11.835 -3.966
-15.158 -26.617 -24.276
12.361 -26.707 -6.466
14.324 -1.598 -16.145
15.26 -7.74 -7.895
10.269 -11.265 -29.218
-16.34 -1.835 -10.385
-0.453 -30.243 -4.117
-13.388 -29.152 -22.055
-13.658 0.539 -11.677
16.86 -9.565 -13.376
-11.458 -0.518 -20.458
5.999 2.559 -11.694
0.44 -27.32 -0.4
15.563 -19.661 -20.035
4.44 0.244 -24.096
12.636 -11.666 -26.26
3.005 -23.417 1.093
-19.631 -17.887 -9.764
3.644 -32.456 -16.035
-8.555 -18.086 -32.136
-0.797 1.617 -21.356
15.966 -8.227 -16.804
-4.461 -30.873 -8.573
-5.686 -24.837 -30.176
6.412 -2.744 -27.146
-15.402 -14.537 -28.458
15.033 -22.198 -10.49
-13.804 -27.658 -13.197
-8.606 -3.547 -2.086
10.35 -29.271 -8.44
-12.848 -9.818 -1.388
14.84 -23.885 -16.114
-12.133 -13.298 -30.016
12.826 -23.097 -7.555
8.327 -6.892 -28.174
10.289 -13.913 -2.307
-7.769 -29.02 -8.214
-10.307 -29.134 -13.577
-3.804 -28.233 -25.938
-3.942 0.282 -23.048
-4.892 -0.673 -5.234
-18.377 -12.851 -7.075
-1.865 -29.763 -21.998
-14.682 -7.3 -23.824
-15.418 -4.036 -14.661
3.214 1.058 -13.821
-1.599 0.531 -8.17
-8.151 0.6 -18.922
11.73 -8.824 -4.776
5.74 -22.883 -1.49
2.957 -26.575 -3.152
-15.953 -14.408 -4.568
0.539 -30.586 -14.906
13.025 -17.145 -22.77
10.053 -7.588 -24.861
-10.765 -19.241 -29.244
7.529 -0.096 -15.785
-15.334 -24.055 -20.013
-12.441 -1.8 -15.402
-17.077 -20.382 -11.155
-2.005 -27.467 -6.205
7.401 -3.785 -23.627
-9.034 -3.827 -23.756
-12.962 -26.579 -18.469
3.964 -29.989 -11.421
12.77 -22.237 -20.202
-1.15 -3.459 -24.881
1.788 -2.163 -22.848
12.019 -3.716 -11.977
12.963 -7.259 -10.903
-13.642 -8.43 -4.853
-5.26 -25.652 -5.481
-12.175 -24.301 -9.357
-14.746 -16.827 -25.457
7.577 -11.286 -2.638
6.978 -17.089 -2.207
9.988 -27.267 -13.376
11.353 -4.067 -15.715
8.147 -3.38 -17.637
8.056 -26.637 -10.146
11.624 -23.89 -14.034
10.329 -13.593 -23.937
-6.029 -2.603 -21.743
-13.945 -6.325 -18.626
-8.852 -25.986 -10.234
10.05 -19.371 -23.542
-6.529 -23.195 -26.847
-16.533 -10.814 -9.704
-6.381 -7.33 -26.198
-2.772 -24.602 -25.383
4.315 -26.722 -9.474
-10.946 -4.143 -19.435
-8.247 -5.244 -5.494
0.857 -23.825 -4.729
-9.981 -21.113 -6.197
-8.713 -10.297 -26.581
3.369 -2.199 -11.84
-4.196 -4.404 -5.469
-14.887 -21.633 -15.863
-12.712 -24.103 -13.991
1.664 -27.493 -16.8
8.296 -5.246 -8.779
-0.718 -26.156 -21.474
-0.709 -3.171 -8.346
4.445 -6.127 -23.247
4.116 -14.616 -1.901
-2.314 -22.035 -3.657
7.47 -15.62 -25.373
1.772 -7.386 -25.606
3.81 -20.363 -3.607
9.683 -8.717 -7.99
-11.96 -17.917 -6.517
7.788 -25.25 -17.688
7.328 -9.904 -23.556
-6.871 -15.553 -28.308
8.025 -5.644 -12.553
-3.633 -6.138 -23.844
6.205 -24.797 -14.274
4.791 -4.699 -14.357
9.779 -22.011 -17.853
-4.642 -19.909 -27.287
-8.263 -18.572 -26.481
-6.756 -22.726 -7.412
-7.22 -8.759 -4.444
-11.038 -12.434 -24.476
-9.027 -7.376 -22.349
-12.309 -9.05 -21.412
-10.254 -12.79 -4.32
0.758 -18.306 -2.604
-10.467 -9.702 -6.509
2.417 -25.141 -13.894
4.552 -11.453 -25.669
-13.915 -18.873 -12.621
6.078 -10.443 -6.018
-3.724 -22.793 -22.168
-11.576 -16.049 -23.465
-12.979 -12.028 -10.37
-11.293 -20.868 -10.75
-1.442 -24.308 -18.234
-0.402 -4.973 -11.691
7.336 -19.92 -20.978
4.508 -22.44 -21.069
-3.279 -11.396 -26.541
-4.093 -6.079 -8.899
-13.188 -15.638 -9.266
3.806 -7.525 -6.906
-6.902 -17.462 -4.654
-3.93 -19.444 -5.912
2.561 -12.975 -4.959
1.94 -7.614 -10.234
4.746 -17.042 -23.154
-0.887 -9.683 -24.17
0.06 -10.111 -4.738
1.624 -22.092 -18.608
2.161 -19.543 -24.415
-0.456 -15.505 -26.038
-0.882 -20.212 -22.209
-1.924 -9.043 -7.817
-3.493 -13.744 -4.167
-0.855 -16.208 -5.345
-6.023 -13.604 -25.166
-3.505 -17.367 -24.685
-5.602 -11.558 -6.46
1.839 -13.429 -23.858
-8.628 -15.006 -6.942
Surface Atom:
25.243 15.54 -13.804
19.489 -47.68 -8.824
-19.135 18.394 -13.826
-21.548 -46.146 -20.842
22.979 12.451 -13.832
-19.597 15.425 -23.04
-21.147 15.211 -14.179
-23.28 -42.795 -21.107
24.399 9.376 -15.556
17.054 15.894 -11.425
-23.95 -42.632 -13.096
-13.132 19.765 -14.574
17.216 -44.603 -8.782
-16.191 -48.022 -18.507
-19.089 12.905 -25.864
-14.827 16.932 -22.442
-17.437 -47.237 -13.442
-13.172 19.169 -19.82
-24.199 -39.99 -10.36
-13.256 -48.828 -16.232
18.111 -41.591 -6.638
-19.482 -44.521 -11.703
-9.634 20.489 -15.888
-15.617 16.932 -13.978
-18.052 -44.983 -19.873
17.931 13.483 -14.152
12.282 -46.2 -13.38
-18.695 13.209 -20.069
-15.533 11.569 -29.639
-21.126 10.21 -24.107
-22.169 -38.917 -5.415
-8.344 19.702 -12.389
25.972 -0.577 -8.272
-21.708 -40.737 -15.541
-25.054 -37.206 -12.815
-10.988 -48.529 -19.274
-5.957 -47.519 -26.945
-21.666 -39.772 -22.729
-17.214 8.515 -31.177
19.713 9.797 -9.748
-11.285 13.918 -27.818
-20.076 11.877 -12.721
24.254 -32.926 -13.208
11.955 -44.75 -9.949
-10.016 16.184 -25.023
-6.246 17.604 -3.372
-7.674 17.959 -20.612
-19.635 7.737 -28.35
-17.66 -41.587 -5.471
-15.688 -43.987 -7.673
-18.537 -37.282 -30.243
-14.938 13.853 -20.199
23.0 4.745 -9.308
-23.776 -35.534 -4.694
-20.122 8.661 -4.989
15.216 12.855 -9.983
-12.309 -46.425 -11.037
15.514 -18.272 -39.112
-25.015 -34.833 -8.227
-10.581 16.706 -18.488
-14.319 -45.12 -13.983
15.577 -41.588 -13.315
19.068 7.404 -6.844
-18.36 -41.765 -14.065
21.737 6.986 -16.851
First Box:
19.068 7.404 -6.844
setting PYTHONHOME environment
setting PYTHONHOME environment
setting PYTHONHOME environment
setting PYTHONHOME environment
setting PYTHONHOME environment
setting PYTHONHOME environment
setting PYTHONHOME environment
setting PYTHONHOME environment
setting PYTHONHOME environment
setting PYTHONHOME environment
Blue Atom:
-58.632 -59.098 25.301
3.241 4.606 6.382
8.761 -21.582 -0.461
8.16 -5.845 10.105
-38.866 -61.904 28.628
8.511 -17.702 2.037
5.278 1.548 12.986
10.269 -9.817 15.427
10.224 -14.847 9.78
5.312 1.568 18.675
-36.28 -63.269 18.027
-19.891 -63.698 20.498
-55.897 -57.811 27.728
2.023 7.971 11.666
11.176 -20.711 12.106
6.469 -8.026 4.313
-58.507 -58.04 21.611
7.042 -4.732 17.271
-60.278 -54.229 33.384
-61.437 -54.932 29.782
-49.047 -57.418 33.438
-51.349 -59.573 15.897
-35.621 -60.217 33.866
-52.317 -57.741 26.245
-50.933 -59.419 19.694
10.107 -14.303 19.302
4.101 -0.864 6.784
-29.061 -63.573 12.961
-52.373 -56.24 31.938
-45.911 -59.394 26.94
-43.819 -60.847 12.911
-29.05 -61.764 31.016
9.066 -25.105 4.539
7.581 -7.053 22.526
-34.286 -61.035 30.304
5.901 -16.249 -0.376
7.31 -27.163 1.819
-37.301 -62.109 10.973
-43.169 -57.261 34.214
-42.226 -58.633 30.77
10.483 -23.715 16.158
5.873 -12.236 3.928
3.661 -1.074 10.61
-58.534 -51.481 35.42
-21.855 -61.258 28.631
-27.225 -61.659 27.646
8.553 -27.97 7.029
0.675 3.676 9.1
-1.635 5.428 4.449
2.332 -2.608 3.85
-58.364 -53.796 27.806
-56.654 -55.098 19.991
8.327 -13.045 16.163
-1.332 7.779 13.547
9.639 -29.111 14.903
3.018 -0.706 22.819
-1.998 6.248 8.166
-57.302 -54.561 16.262
3.549 -10.855 1.167
7.846 -12.75 22.038
-1.112 6.015 16.942
-30.218 -61.973 9.682
4.749 -6.111 24.922
2.835 -6.897 4.677
-50.94 -55.022 28.586
-49.666 -57.098 13.499
5.445 -7.528 19.369
1.63 0.909 17.644
-54.789 -51.687 34.635
-66.405 -47.511 28.137
-28.451 -62.235 16.491
5.477 -23.241 0.622
-55.581 -52.913 13.298
9.506 -28.607 18.716
-4.918 10.098 17.123
-56.929 -51.581 25.052
-60.02 -49.684 23.872
-24.674 -62.227 17.377
-47.288 -54.085 32.666
-45.964 -57.4 14.443
-63.296 -47.472 25.887
-59.24 -48.912 32.131
-62.313 -46.672 31.585
-3.051 1.897 4.873
-47.608 -52.671 36.204
0.23 -6.545 1.855
0.157 -0.408 25.36
-2.737 4.299 22.538
-40.271 -59.389 12.954
-7.374 11.061 14.322
-66.294 -43.699 28.086
7.941 -25.764 14.098
-9.112 9.025 7.89
0.994 -2.153 19.872
-1.261 -2.306 5.133
-7.491 10.652 19.877
-12.311 16.66 17.138
-51.881 -53.275 14.111
-59.571 -45.019 36.047
-3.841 3.504 26.113
-66.501 -43.254 24.265
-60.262 -47.547 15.041
-60.714 -47.425 18.843
-4.856 5.259 17.418
-9.102 8.803 11.728
-56.599 -45.118 38.472
-61.123 -45.341 28.197
-44.541 -56.599 10.973
2.847 -16.411 2.0
-9.7 6.478 5.11
-13.166 15.816 19.918
-63.239 -42.078 32.583
-70.729 -37.612 27.123
-69.508 -39.08 23.763
-57.293 -45.74 33.027
-68.365 -38.464 29.969
-51.725 -49.539 33.66
-56.64 -48.732 15.101
-40.357 -54.687 34.638
-34.186 -59.943 11.485
-6.364 2.816 6.727
-8.805 8.327 24.023
-14.222 14.853 14.395
-58.952 -46.437 22.097
-12.455 12.119 12.363
-51.881 -47.503 36.917
-49.795 -52.524 10.967
-34.079 -56.712 33.995
-27.91 -58.256 32.112
-65.114 -41.448 18.008
-19.498 -59.857 25.948
6.101 -17.985 23.113
-64.284 -41.393 21.74
-4.021 -2.777 2.493
-65.458 -39.743 27.802
-63.477 -41.787 14.557
-20.651 -60.385 22.289
-4.313 2.222 19.709
-10.397 8.593 18.387
4.668 -13.364 19.997
-54.683 -48.75 11.825
2.351 -8.888 23.76
-10.109 7.559 27.521
-14.078 12.208 18.971
5.381 -17.086 19.441
-63.988 -38.364 33.029
0.189 -11.365 2.995
-17.056 12.219 9.945
-19.015 15.429 18.413
-67.804 -37.303 18.188
-60.08 -43.336 15.416
-39.172 -57.686 9.678
-59.512 -41.312 33.187
-21.84 -57.951 30.584
2.812 -11.166 26.804
-66.902 -36.964 21.876
-8.786 1.943 3.855
-15.533 9.818 12.492
-20.714 14.844 15.018
-58.343 -40.737 36.803
-58.14 -44.35 12.241
-66.229 -36.621 14.757
-0.436 -5.914 27.407
-22.418 15.274 20.188
-62.663 -37.756 29.498
6.274 -26.619 19.357
-54.04 -43.519 36.08
3.276 -23.33 3.769
-10.334 6.111 21.284
-15.239 10.51 23.791
-1.617 -3.697 24.502
-18.86 9.659 7.741
-12.866 4.638 6.209
-27.765 -59.046 9.933
-2.998 -7.289 3.848
-17.771 11.115 18.678
-66.371 -32.549 28.029
-44.49 -50.455 35.919
-62.634 -37.746 15.365
-35.598 -55.411 30.71
-33.033 -57.993 8.383
-68.667 -29.701 22.475
-18.145 10.557 26.324
-21.454 11.642 13.049
-64.123 -30.225 35.834
-67.849 -29.055 27.591
-4.924 -1.491 28.294
-6.126 0.544 25.298
-27.283 15.012 16.046
-35.522 14.141 18.045
-6.904 -2.509 4.982
-69.386 -19.512 23.535
-65.17 -29.229 32.294
-58.41 -4.778 -2.583
-69.235 -26.224 16.701
-26.829 12.858 10.467
-46.537 -52.286 13.006
-40.958 -52.622 31.449
-22.9 10.948 9.595
-67.271 -29.396 17.527
-29.878 -56.315 29.445
-23.311 12.515 24.397
-31.045 14.42 20.227
-48.409 -45.981 36.537
-60.458 -37.883 12.244
-16.851 8.278 21.102
-67.926 -15.987 23.234
-61.074 -32.229 34.656
-65.063 -30.808 23.208
-11.727 4.251 26.536
-23.733 12.059 18.498
-36.891 12.61 21.288
-36.303 12.447 14.701
-27.482 13.277 19.41
-67.452 -26.135 21.779
-41.557 12.124 19.161
-65.504 -10.288 21.389
-66.69 -25.186 28.947
-63.197 -31.049 29.547
-56.496 -37.451 36.13
-26.741 11.834 25.927
-55.429 -4.249 -4.972
-64.508 -25.04 35.016
-67.172 -21.611 27.712
-41.745 -54.216 12.057
2.096 -29.696 5.177
-45.118 -49.039 32.4
-51.128 -48.009 13.022
-0.315 -18.539 1.643
-26.919 11.72 14.125
-44.993 10.411 19.441
-56.493 -2.925 0.197
-64.574 -28.073 25.836
-9.733 2.167 29.042
-32.665 11.665 24.872
-29.233 10.951 8.235
-67.112 -16.729 19.578
-41.365 10.746 15.589
-51.196 6.6 20.107
-65.011 -12.021 24.763
-65.084 -12.517 18.337
-66.573 -21.601 21.909
-14.275 2.054 3.695
-62.632 -6.73 23.464
-60.824 -3.862 21.676
-64.616 -27.471 19.562
-16.059 5.822 29.096
-64.497 -21.982 32.734
-66.195 -23.976 15.94
-54.506 -44.014 13.49
2.763 -19.374 24.441
-23.592 9.863 21.625
-56.524 1.158 20.013
-63.011 -29.983 14.285
-23.755 -55.737 28.082
-11.54 -0.14 5.632
-19.815 5.985 8.143
-32.369 11.052 18.983
-61.259 -5.587 18.272
-64.294 -26.46 13.606
-52.577 -39.982 35.92
-36.652 -55.024 10.899
-18.875 -55.821 13.011
-34.238 9.743 27.76
-48.881 -44.848 32.898
-2.411 -14.115 2.499
0.009 -28.377 2.267
-27.409 -56.37 7.174
-57.997 -1.11 17.303
-63.334 -17.883 30.367
-18.508 6.728 26.272
-52.743 3.917 22.351
-0.146 -24.547 2.476
0.512 -17.735 8.35
-37.83 9.6 25.472
-56.527 -0.294 23.59
-63.112 -24.265 29.956
-57.202 -38.908 13.901
-44.894 -50.257 18.896
-31.972 -53.294 30.495
-18.123 -54.671 9.425
-60.747 -25.683 34.459
-36.963 -51.853 31.023
-22.796 7.745 28.742
-24.76 7.632 9.129
-38.128 9.402 19.56
-45.994 7.182 23.434
-64.424 -21.997 25.053
-1.096 -13.194 9.14
-57.443 -31.617 35.687
-55.821 -35.895 32.674
-40.194 -52.759 18.265
-31.179 9.336 22.191
1.077 -27.005 7.69
-29.838 7.864 6.074
-63.145 -14.358 28.935
-49.063 -47.176 19.528
-38.281 -52.428 24.458
2.868 -27.691 20.726
-0.785 -12.509 26.706
-25.973 8.122 26.529
-51.273 4.417 16.95
-42.837 -49.927 25.074
-64.167 -18.082 17.538
-35.461 8.71 9.6
-63.69 -15.263 23.144
-60.719 -31.27 11.511
-35.242 9.017 13.399
-57.256 -5.69 2.72
-0.789 -19.671 5.281
-45.685 -48.61 12.399
-8.274 -6.039 4.525
-25.621 6.215 5.681
-52.251 -42.884 19.664
-46.866 -46.726 25.636
-41.127 -48.798 31.698
-40.303 7.88 10.28
-63.671 -18.351 13.739
-33.252 -53.794 23.629
-3.777 -8.966 10.344
-20.997 4.117 5.01
-44.41 6.98 17.762
-5.459 -10.23 3.892
-3.727 -7.864 27.62
-60.82 -9.517 27.303
-34.898 -54.011 17.478
-26.646 -53.55 29.33
-51.916 -39.058 32.267
-40.665 7.389 26.739
-62.428 -13.587 12.945
-1.026 -13.456 22.973
-31.173 -55.001 9.894
-39.873 7.571 14.052
-50.301 -42.683 25.839
-2.483 -15.218 6.18
-7.414 -5.223 11.199
-48.901 -44.893 13.052
-48.12 4.154 24.483
-61.132 -9.694 21.507
-59.354 -7.048 12.446
-20.401 -54.545 16.293
-4.589 -11.323 7.465
-52.133 -5.023 -3.156
-60.24 -11.63 30.433
-48.779 -44.428 16.867
-41.402 -50.414 12.147
-44.389 5.149 28.505
-56.437 -3.375 11.477
-44.632 -45.245 32.03
-55.172 -3.145 27.878
-56.466 -30.279 32.19
-56.62 -3.937 22.302
-51.941 -41.194 13.113
-46.553 -45.669 21.978
0.48 -19.383 21.347
-17.214 1.294 6.074
-57.892 -32.97 13.49
-42.622 -48.599 21.487
1.11 -24.755 18.976
-51.535 1.107 26.616
-45.097 -47.634 16.082
-41.134 -48.047 27.93
-38.435 -50.778 21.015
-36.938 -50.465 27.454
-4.205 -8.616 23.868
-7.881 -3.905 28.369
-61.232 -15.923 25.998
-61.778 -13.528 16.717
-30.783 6.483 30.791
-57.357 -24.246 35.506
-61.82 -20.486 11.146
-54.604 -38.122 19.667
-41.005 -49.825 15.924
-32.556 -52.008 26.943
-24.902 -54.386 9.356
-12.518 -3.84 5.419
-52.137 -0.995 29.742
-56.38 -6.364 29.566
-48.061 -41.185 32.181
-28.164 -53.828 22.7
-1.918 -14.74 15.557
-45.806 3.131 31.439
-58.552 -7.289 16.166
-59.545 -18.324 30.725
-49.517 -41.967 22.166
-7.949 -7.401 8.082
-8.072 -4.767 24.625
-12.422 -0.526 29.291
-54.661 -4.484 5.236
-52.782 -38.137 25.711
-51.463 -40.411 16.851
-11.816 -2.346 11.955
-40.614 5.29 7.493
-55.697 -3.351 15.22
-35.605 5.96 6.948
-60.786 -23.271 13.551
-44.814 -44.761 28.216
-51.553 0.653 20.705
-53.871 -7.692 -0.954
-58.379 -16.338 33.853
-53.202 -33.097 32.455
-54.087 -36.873 13.027
-17.729 2.433 29.826
-59.613 -25.722 10.854
-29.953 -54.012 16.558
-43.784 5.094 21.044
-11.662 -4.815 9.034
-37.2 7.185 22.528
-36.688 -51.231 11.594
-3.255 -14.557 11.97
-49.752 0.106 8.911
-58.577 -10.366 24.271
-58.272 -9.33 9.595
-0.73 -24.93 13.036
-6.009 -10.628 12.966
-4.829 -10.261 16.609
-48.211 2.502 15.664
-36.534 -51.244 15.438
-2.205 -18.927 10.763
-6.047 -10.6 12.963
-32.326 6.44 27.297
-48.182 1.858 11.912
-54.449 -33.307 25.469
-23.998 4.357 30.097
-53.311 -36.05 16.703
-51.673 -37.749 22.099
-47.896 -41.065 28.347
-1.102 -19.817 14.304
-36.41 5.136 30.356
-60.062 -15.034 10.278
-60.031 -15.006 10.317
-55.54 -32.852 18.961
-33.759 -51.823 20.395
-16.598 -0.07 12.765
-31.574 4.932 7.756
-57.734 -28.007 13.326
-18.739 -52.114 22.2
-8.373 -6.732 17.455
-12.586 -1.383 25.519
-27.954 3.534 4.179
-55.025 -5.728 8.845
-21.379 -51.968 28.0
-16.971 -2.512 6.302
-55.911 -24.268 31.922
-49.512 -36.148 31.594
-24.917 -53.461 15.836
-45.081 2.341 25.98
-18.639 -51.867 18.377
-23.312 2.022 7.303
-55.098 -10.994 32.842
-27.835 -51.982 26.04
-2.701 -27.141 6.994
-53.495 -27.854 32.088
-52.506 -32.731 28.708
-9.399 -7.228 13.783
-17.594 1.093 26.204
-53.894 -5.025 24.768
-54.31 -31.973 12.509
-54.294 -31.93 12.509
-56.613 -12.684 29.751
-49.951 -36.691 27.847
-23.382 -52.756 21.859
-16.091 -2.697 10.035
-38.353 4.352 27.146
-55.5 -18.727 34.629
-53.112 -33.009 21.914
-2.834 -16.723 22.178
-5.167 -12.248 23.201
-12.419 -3.545 18.305
-47.619 -2.513 32.894
-49.691 -0.716 23.758
-42.619 2.579 9.292
-51.673 -6.842 32.959
-54.53 -28.102 25.281
-3.797 -16.318 18.484
-23.567 2.602 26.693
-6.229 -12.32 19.512
-55.508 -27.588 18.692
-1.683 -25.903 16.628
-53.024 -8.181 29.641
-58.335 -18.031 11.918
-13.371 -4.492 14.709
-53.346 -31.342 16.211
-8.496 -8.523 24.049
-31.864 -51.302 10.622
-12.211 -5.153 24.926
-16.998 -1.241 19.106
-44.142 -0.212 30.532
-49.091 -3.315 29.443
-21.68 -1.409 6.892
-21.825 0.385 13.296
-56.753 -12.294 11.486
-43.392 0.65 6.107
-31.68 -51.292 14.455
-32.646 2.146 5.331
-32.617 2.134 5.322
-51.459 -7.225 1.985
-56.463 -19.929 9.152
-30.311 2.713 31.265
-53.963 -18.884 31.098
-54.198 -27.022 12.293
-2.502 -21.725 20.967
-9.598 -8.884 20.383
-28.87 -51.831 19.512
-17.657 -2.51 15.536
-16.441 -2.552 25.855
-37.02 2.841 8.63
-3.192 -21.145 17.225
-52.331 -28.079 28.435
-26.729 -51.04 9.7
-3.554 -26.063 10.606
-28.183 0.943 7.07
-35.78 1.49 31.328
-55.796 -22.543 11.924
-53.179 -28.098 21.696
-52.465 -22.631 31.625
-49.606 -3.564 10.237
-52.632 -13.806 33.708
-53.791 -11.109 7.191
-13.284 -5.808 21.286
-21.025 -2.232 10.604
-22.098 -0.039 19.829
-55.163 -14.784 9.007
-53.505 -23.059 24.805
-21.324 -0.482 26.701
-54.389 -22.259 18.373
-52.989 -26.695 15.949
-26.803 -51.03 13.559
-40.834 -1.37 32.176
-23.354 -50.579 25.003
-19.122 -48.847 28.109
-29.07 1.808 27.751
-45.585 -2.439 5.748
-18.157 -49.021 24.39
-17.326 -3.464 22.22
-23.944 -50.939 18.543
-51.449 -23.385 28.012
-51.392 -10.268 4.316
-49.144 -9.667 33.448
-27.235 0.235 13.966
-45.348 -5.612 33.05
-52.179 -23.492 21.243
-22.311 -1.8 16.414
-21.814 -1.92 23.165
-34.552 0.274 27.886
-50.208 -18.177 31.082
-37.479 -0.009 6.071
-50.941 -14.309 30.281
-26.57 -2.47 7.78
-52.614 -11.2 10.832
-53.123 -17.3 11.086
-48.331 -5.991 7.544
-51.966 -22.76 11.96
-33.179 -0.759 7.84
-25.533 -2.151 11.489
-51.661 -21.923 15.724
-44.998 -3.148 9.481
-27.395 -0.159 20.383
-51.575 -17.785 18.046
-50.819 -18.44 24.483
-26.504 -1.007 27.455
-39.529 -2.267 28.678
-32.272 -0.683 14.704
-48.82 -19.241 27.659
-38.976 -2.278 8.801
-27.28 -2.064 17.033
-51.057 -14.022 12.875
-49.72 -19.486 20.948
-47.691 -9.844 29.878
-26.479 -1.826 23.703
-31.313 -1.771 27.784
-47.128 -13.991 30.55
-32.229 -1.352 21.043
-43.944 -5.796 29.482
-30.216 -2.818 12.297
-48.08 -14.233 23.678
-49.467 -18.336 11.59
-31.168 -3.92 8.741
-37.059 -2.925 15.259
-35.968 -3.683 28.547
-46.872 -8.823 9.686
-44.05 -6.149 11.622
-46.27 -15.011 26.952
-48.837 -17.803 15.357
-31.908 -3.096 17.65
-31.176 -3.241 24.224
-48.464 -13.304 17.311
-40.158 -6.42 29.396
-36.988 -3.602 21.698
-43.859 -9.941 29.898
-46.882 -15.251 20.194
-36.37 -5.068 8.756
-41.478 -5.727 16.15
-47.64 -14.087 11.104
-35.205 -4.678 12.385
-41.102 -6.696 22.612
-44.646 -10.25 23.156
-45.347 -9.623 16.753
-40.684 -6.971 9.98
-42.954 -11.294 26.432
-35.635 -5.092 24.966
-45.886 -14.068 14.55
-36.314 -5.19 18.273
-39.107 -7.197 13.501
-43.663 -11.478 19.663
-39.59 -7.884 25.899
-43.581 -10.701 10.257
-40.132 -7.749 19.087
-42.861 -10.567 14.009
Surface Atom:
23.874 -26.28 7.235
23.049 -23.038 9.11
22.004 -28.491 9.753
15.702 -24.172 -6.518
19.368 -19.594 6.472
13.999 -20.975 -7.773
15.163 -19.149 -4.517
18.745 -26.523 9.261
17.567 -19.632 3.066
18.95 -15.884 7.28
17.414 -28.657 6.369
-32.279 -69.353 23.288
13.204 -24.409 -3.62
12.46 -17.73 -3.591
16.222 -21.345 9.958
14.016 -20.609 2.021
15.199 -16.041 6.588
-40.111 -66.977 27.022
-40.103 -67.018 26.956
-29.557 -66.762 27.251
13.9 -27.667 5.187
10.113 -23.148 -5.548
-35.348 -67.059 23.459
-30.176 -66.676 21.499
-35.781 -66.738 19.673
13.715 -19.329 7.819
12.266 -17.28 1.4
-38.174 -64.698 31.155
-43.136 -65.242 25.408
14.788 -20.236 13.338
-49.093 -64.335 26.11
13.898 -10.263 16.584
12.373 -5.355 15.386
-41.795 -65.605 21.784
5.931 9.304 4.962
-34.582 -64.838 29.808
-26.019 -65.3 27.502
8.911 -19.129 -3.409
6.347 6.541 7.579
13.382 -14.028 16.101
12.963 -13.841 12.278
10.463 -3.813 12.451
11.311 -13.499 6.357
-52.274 -62.213 26.152
2.153 14.041 6.516
-43.671 -62.138 31.44
8.886 -27.061 -1.728
13.512 -25.113 14.284
-47.118 -61.541 29.895
-37.831 -64.152 25.737
11.024 -30.212 5.149
9.093 -6.207 6.418
3.735 11.411 11.04
2.386 14.874 10.217
-52.166 -61.91 22.332
-23.411 -64.988 19.709
9.367 -13.554 3.02
10.506 -5.504 18.738
7.037 -25.129 -4.458
-43.967 -63.165 15.967
7.336 -0.014 15.829
-46.929 -61.822 24.152
2.366 10.197 6.116
-42.624 -62.644 19.493
-30.561 -64.304 24.477
-37.61 -63.691 14.45
11.746 -24.338 10.977
-58.632 -59.098 25.301
First Box:
11.746 -24.338 10.977
setting PYTHONHOME environment
setting PYTHONHOME environment
setting PYTHONHOME environment
setting PYTHONHOME environment
setting PYTHONHOME environment
setting PYTHONHOME environment
setting PYTHONHOME environment
setting PYTHONHOME environment
setting PYTHONHOME environment
setting PYTHONHOME environment
Blue Atom:
77.074 -13.258 15.804
67.836 5.32 4.496
26.231 -60.029 15.992
27.637 -59.989 19.491
76.821 -12.816 21.438
72.312 -10.862 1.258
72.208 -0.815 22.321
40.671 -59.243 30.38
33.633 -60.594 17.84
68.211 7.628 13.265
31.097 -59.257 28.166
67.478 6.106 8.249
12.122 -56.397 24.341
32.56 -59.559 10.799
73.791 -5.889 24.413
68.423 5.838 16.637
74.294 -7.586 18.976
71.764 -6.976 4.669
70.83 0.84 17.177
34.227 -57.69 33.184
47.741 -58.618 28.289
39.52 -59.621 9.486
11.703 -55.504 20.712
19.059 -56.999 15.527
42.54 -58.952 27.081
21.196 -54.952 32.636
14.611 -55.165 26.946
19.428 -56.721 19.299
35.668 -58.303 29.669
10.147 -51.817 32.386
9.131 -52.526 28.792
26.36 -58.337 12.607
64.804 9.58 16.845
69.283 -6.499 1.822
18.112 -55.281 25.389
24.36 -56.905 26.322
45.086 -59.314 17.015
41.292 -59.567 16.426
69.364 -0.349 24.854
66.433 1.821 4.801
17.888 -53.725 31.116
62.514 10.87 14.167
70.027 -2.071 19.552
66.861 4.139 22.021
76.143 -25.053 14.282
26.824 -54.759 33.403
27.865 -56.007 29.997
67.93 -2.235 5.08
62.279 10.597 19.596
65.628 3.692 25.597
64.702 5.32 17.065
12.245 -51.555 26.825
13.905 -52.699 19.419
57.649 17.05 16.379
13.2 -51.924 15.795
50.017 -57.294 25.533
60.463 9.243 7.881
11.807 -49.036 34.364
60.171 6.484 5.284
75.58 -26.907 17.646
65.269 -2.397 2.371
60.834 8.543 11.63
19.408 -52.553 27.797
73.623 -13.106 19.315
56.656 15.846 19.724
20.53 -54.342 13.186
63.213 2.877 6.634
15.577 -49.289 33.796
74.942 -17.291 22.773
57.431 12.151 12.372
29.874 -56.796 12.71
71.034 -16.33 2.175
65.066 2.23 19.322
60.967 8.436 23.566
4.251 -45.163 27.442
48.874 -57.653 21.886
14.907 -50.537 12.735
35.765 -57.534 11.361
71.326 -8.474 23.154
55.421 14.813 14.329
24.193 -54.848 14.206
22.894 -51.609 31.755
68.983 -11.206 3.098
59.295 8.838 18.036
11.194 -46.789 31.295
13.732 -49.188 24.263
59.547 7.873 27.062
73.937 -16.911 19.1
22.372 -50.295 35.31
55.809 12.348 18.487
10.554 -47.416 23.127
7.429 -45.228 25.358
25.701 -54.224 10.761
71.647 -10.562 26.35
60.713 2.185 3.871
8.372 -44.296 30.925
67.564 -3.533 23.976
4.444 -41.411 27.699
41.771 -55.711 31.321
18.537 -50.776 13.758
10.785 -42.834 35.108
53.083 12.135 10.075
9.799 -45.194 18.254
10.246 -45.311 14.472
66.097 -7.018 3.888
68.684 -5.725 26.864
51.014 15.5 17.993
13.807 -43.087 37.429
59.234 6.346 20.919
54.679 10.744 23.253
4.411 -41.03 23.954
31.026 -55.14 9.464
54.536 9.712 12.642
35.797 -54.223 33.248
41.998 -56.764 9.807
49.22 14.956 14.668
13.869 -46.423 14.759
13.068 -43.579 32.159
48.435 -55.112 29.686
56.875 4.901 6.303
7.299 -40.031 31.79
9.538 -42.969 27.596
18.655 -47.282 32.774
62.436 -2.321 4.867
63.322 0.744 24.761
0.044 -35.534 26.564
29.702 -52.235 33.798
2.463 -36.451 29.378
1.254 -37.08 23.227
11.631 -44.121 21.422
52.059 11.334 18.211
51.173 9.838 7.725
20.347 -49.729 10.6
71.304 -24.323 4.364
47.561 15.37 19.588
18.27 -45.32 36.008
64.526 -1.312 27.627
36.851 -55.649 8.214
5.194 -37.737 27.078
5.555 -39.253 17.742
15.687 -46.534 11.432
59.96 2.394 28.385
51.611 10.793 25.574
6.517 -39.14 21.408
52.999 8.535 20.671
2.918 -35.442 17.915
57.955 4.549 25.964
12.187 -38.877 36.015
6.616 -36.327 32.208
7.104 -39.735 14.268
11.021 -39.255 32.356
48.52 11.748 12.753
10.532 -41.206 15.054
12.392 -42.187 11.886
47.144 11.191 9.233
3.893 -34.93 21.566
25.597 -48.167 35.173
55.495 2.548 3.656
46.823 12.679 23.872
42.776 15.289 15.531
43.43 13.153 10.115
16.347 -41.4 35.123
72.993 -26.743 20.42
46.128 12.191 17.904
4.462 -34.648 14.526
34.39 -53.019 29.903
53.745 6.138 28.394
8.031 -35.76 28.76
39.906 -53.761 28.621
58.028 0.201 5.659
71.395 -17.847 24.064
23.637 -49.927 12.487
4.322 -30.86 27.335
42.756 13.452 18.852
67.75 -18.206 2.221
66.324 -13.846 2.738
43.166 11.972 13.736
2.045 -27.956 22.018
8.065 -35.805 15.051
49.951 6.212 8.068
41.098 11.162 7.928
21.785 -43.927 35.685
42.324 -54.182 6.963
1.384 -17.964 22.925
2.882 -27.329 27.033
46.353 10.118 21.069
34.976 14.488 17.538
6.521 -28.446 35.066
39.187 14.609 19.704
51.285 7.014 25.64
43.317 12.142 25.3
1.579 -24.485 16.267
28.481 -51.858 11.787
67.717 -12.893 9.207
45.24 7.979 8.882
3.38 -27.734 17.172
46.03 -53.321 27.409
69.018 -17.338 8.373
5.381 -27.409 31.564
9.926 -36.134 11.722
19.204 -45.812 12.71
29.102 -50.221 30.626
2.939 -14.476 22.709
47.185 8.215 28.076
67.678 -27.816 2.458
13.884 -35.586 35.225
33.429 12.904 20.67
33.981 12.821 14.285
9.515 -30.463 33.88
65.367 -8.585 10.29
61.088 -5.824 4.47
5.261 -8.949 20.966
67.797 -24.02 2.856
68.068 -11.874 26.295
37.524 12.16 24.154
63.692 -9.882 3.837
48.764 4.607 4.836
3.949 -23.622 28.389
5.628 -29.056 22.756
3.342 -24.428 21.316
68.815 -28.685 5.995
44.4 6.548 5.458
40.33 8.163 5.794
28.895 12.546 18.533
7.444 -29.328 28.943
33.633 -52.699 10.784
65.322 -7.505 27.088
3.466 -20.097 27.015
25.046 -46.844 31.649
6.092 -23.432 34.173
3.714 -15.18 19.057
25.405 10.915 18.74
52.598 1.817 6.015
37.845 11.314 18.325
15.921 -41.804 13.258
43.985 8.426 25.871
5.725 -10.855 24.212
9.724 -2.771 20.782
67.463 -19.801 5.706
61.964 -4.891 11.053
5.509 -11.325 17.995
19.38 7.373 19.459
4.134 -20.073 21.311
35.781 10.391 27.099
38.923 9.713 21.587
29.072 11.226 14.983
14.04 2.058 19.312
8.088 -5.598 22.813
6.148 -26.302 25.348
4.675 -22.302 15.653
17.703 -37.856 35.102
61.441 -3.597 27.9
21.361 -42.836 32.116
37.855 -50.878 29.92
38.821 -52.729 9.72
66.151 -14.995 6.399
42.997 -51.408 28.735
67.787 -12.767 22.604
34.909 9.168 9.187
12.405 -0.319 16.831
6.136 -20.325 31.931
6.111 -25.845 19.099
7.576 -28.232 13.961
29.839 -50.417 17.805
44.698 -52.093 9.148
64.855 -8.125 23.34
69.242 -18.587 20.998
64.451 -10.998 7.445
35.118 9.454 12.997
57.054 -0.05 28.73
9.244 -4.807 17.6
13.253 -37.015 13.428
67.238 -14.229 15.581
17.86 4.67 21.701
14.105 0.615 22.878
6.456 -24.679 13.254
14.541 -34.005 31.907
21.209 -44.954 18.913
25.233 -47.955 18.431
33.018 -49.485 30.346
57.736 -1.805 11.707
7.392 -13.039 28.253
31.744 -50.11 23.977
35.081 -51.549 16.964
57.032 -3.404 5.302
32.45 10.063 24.788
7.543 -22.673 29.302
13.1 -29.813 34.963
28.877 -46.484 31.058
36.592 -51.434 23.11
32.173 9.782 18.841
19.21 5.009 16.448
7.234 -16.534 29.739
61.317 -7.183 8.05
30.207 8.495 9.908
6.251 -20.452 24.449
9.857 -29.596 11.255
61.188 -4.262 24.172
9.837 -24.096 33.694
24.588 -46.307 12.077
69.462 -25.832 19.28
27.238 -47.71 24.53
67.026 -25.694 7.539
65.634 -13.965 12.142
6.935 -14.036 22.43
41.553 -51.666 22.219
64.236 -9.869 16.328
51.986 2.848 29.158
24.533 7.835 22.857
6.54 -16.665 17.087
9.83 -8.128 26.593
7.083 -16.855 13.351
18.108 -40.825 19.189
28.761 -48.114 11.764
48.806 -49.56 27.126
57.875 -4.369 8.896
56.924 -0.848 25.009
39.07 7.161 30.213
34.999 6.345 6.628
23.267 -44.565 25.022
39.846 -51.62 16.085
67.786 -19.224 14.303
29.532 7.903 25.954
18.384 -37.058 31.451
42.13 3.815 4.016
8.163 -12.256 12.722
30.584 8.043 13.638
33.003 -48.074 26.865
67.806 -24.284 13.028
45.902 4.863 29.486
10.332 -10.306 29.72
31.696 -48.542 20.534
66.47 -18.462 10.823
62.923 -10.109 12.747
25.988 7.508 17.133
9.478 -8.572 20.871
28.985 -47.525 15.508
60.942 -6.292 17.226
27.515 -46.363 20.988
37.268 -49.619 26.355
44.786 -51.211 15.486
53.119 0.413 12.533
38.559 5.357 7.625
18.928 2.006 25.874
14.005 -2.484 11.05
11.28 -5.95 11.917
19.962 -40.606 25.361
37.721 7.12 26.651
21.334 -42.667 12.646
25.475 -43.034 31.301
33.469 -48.95 11.275
22.198 4.9 23.703
24.968 -45.284 15.712
46.573 2.519 7.211
32.999 7.645 21.919
36.145 -49.481 19.937
52.815 -1.963 6.181
52.025 1.637 25.566
25.897 5.884 27.773
18.277 -0.074 28.98
8.853 -19.077 10.82
28.852 -45.717 27.312
63.822 -11.761 22.856
57.105 -2.985 17.976
46.322 -50.396 21.513
29.679 5.878 7.208
13.998 -28.541 31.497
15.734 -36.204 19.111
23.625 -43.508 21.403
41.944 -49.763 25.442
24.495 3.816 30.717
15.484 -2.089 27.036
22.237 -39.19 31.54
50.816 -49.25 22.071
66.063 -16.146 21.987
8.885 -12.25 16.486
18.448 -39.009 12.792
59.816 -6.731 13.602
14.175 -5.17 28.802
13.883 -3.019 21.638
9.365 -14.551 25.339
21.477 -42.084 16.419
53.641 -2.205 9.881
12.569 -31.304 13.303
33.411 -48.686 15.091
60.692 -8.028 23.651
14.795 -2.476 14.78
12.098 -6.338 15.593
12.089 -14.813 33.024
13.132 -22.592 34.712
56.078 -3.885 14.407
9.799 -21.695 13.402
17.555 -36.209 25.143
25.306 -42.626 27.557
50.559 -48.952 18.223
33.962 5.981 29.604
12.27 -8.264 9.104
37.981 -49.104 10.383
66.765 -25.094 16.633
65.143 -15.889 18.219
62.811 -11.897 19.129
52.612 -0.606 18.725
20.795 -39.892 21.734
40.905 -49.624 19.126
46.334 3.19 26.074
11.007 -16.969 30.019
57.219 -4.66 24.492
26.683 5.737 20.468
10.836 -24.088 10.679
18.809 -38.267 16.506
48.267 -0.875 6.803
22.26 3.107 15.15
17.204 -31.243 31.729
66.596 -21.23 21.037
47.921 0.95 12.945
19.034 1.453 20.085
16.187 -3.612 4.94
10.627 -13.679 10.167
16.394 -34.974 12.721
22.377 2.548 11.38
38.023 -48.896 14.182
22.362 -38.951 27.746
12.019 -9.171 23.613
42.834 -48.768 9.587
65.811 -20.465 17.305
37.486 2.586 5.186
15.989 -31.526 24.896
59.639 -8.411 20.032
41.774 1.471 6.968
51.956 -1.982 15.269
53.149 -2.031 25.379
20.483 0.816 8.533
12.614 -26.47 13.071
14.751 -31.088 18.388
17.073 -34.017 16.327
18.609 -35.767 21.567
51.05 -47.03 25.213
56.174 -5.223 20.882
15.649 -4.837 8.542
47.628 0.539 19.383
48.492 0.07 26.09
64.883 -25.295 10.718
48.855 -1.694 10.422
31.897 5.002 26.546
27.873 3.438 9.464
16.623 -4.134 24.058
46.24 -48.232 24.662
25.212 3.095 25.225
42.828 -48.688 13.413
14.46 -22.76 31.139
20.872 -34.254 30.919
52.231 -2.896 21.771
15.285 -9.704 32.027
33.249 3.43 8.279
13.913 -11.462 28.999
14.954 -17.215 33.871
45.772 -48.631 18.164
18.645 -5.73 32.155
16.04 -30.168 12.202
18.082 -30.931 28.029
20.418 -34.788 27.204
39.627 3.431 30.473
16.915 -26.015 31.395
20.833 0.095 23.171
17.176 -31.181 21.301
40.813 2.527 26.973
14.856 -25.949 18.224
15.803 -26.391 24.784
42.774 0.755 13.656
17.444 -7.052 28.764
12.293 -16.754 11.702
22.701 -1.528 32.038
13.753 -11.094 11.143
17.063 -29.515 15.805
47.406 -1.266 16.034
47.921 -1.388 22.6
21.316 -2.322 28.585
19.533 -6.677 1.432
43.28 -1.885 7.614
44.541 -1.625 11.237
27.072 1.072 6.67
18.101 -26.265 27.766
42.569 0.637 19.966
26.054 0.485 29.727
16.055 -25.304 11.959
34.41 2.322 30.646
32.718 0.608 5.791
24.684 -1.607 5.598
17.134 -26.441 21.261
36.943 -0.173 7.724
43.375 -0.285 26.895
17.743 -12.495 32.989
14.649 -20.998 11.631
20.765 -2.771 10.025
16.401 -17.446 30.364
16.584 -10.045 6.976
14.052 -18.548 8.827
17.88 -21.069 30.961
15.231 -13.597 8.737
35.49 1.041 27.258
29.278 -0.585 31.491
17.408 -25.046 15.538
37.849 -0.105 14.346
43.44 -1.144 23.204
19.232 -9.261 4.273
16.063 -20.789 17.869
16.886 -21.523 24.241
42.69 -1.428 16.821
38.684 -1.006 27.266
21.153 -8.56 32.697
17.83 -10.047 10.553
24.897 -4.627 32.306
19.071 -21.762 27.351
37.701 -0.578 20.621
31.236 -1.459 8.671
39.914 -2.274 11.97
25.123 -2.281 9.296
22.109 -5.078 7.301
18.203 -22.041 20.734
19.379 -13.004 29.595
38.826 -3.318 8.469
30.627 -1.389 28.036
20.156 -16.667 30.413
18.429 -21.273 11.6
17.185 -16.006 10.871
38.066 -2.445 17.346
33.073 -2.067 14.888
18.87 -20.408 15.315
19.562 -17.06 23.914
38.836 -2.431 23.744
22.474 -8.764 29.109
33.837 -4.174 8.587
18.745 -16.381 17.633
34.179 -2.796 27.925
26.232 -4.813 28.763
19.335 -12.857 12.654
35.014 -3.906 12.163
33.04 -2.731 21.223
21.54 -17.84 27.05
20.642 -18.116 20.41
26.208 -5.202 11.421
23.155 -12.689 29.932
20.78 -17.028 11.253
23.49 -7.903 9.469
22.193 -12.969 23.242
21.504 -16.422 15.003
21.852 -12.111 16.896
34.452 -4.242 24.406
33.712 -4.36 17.871
29.586 -5.975 9.754
28.702 -4.811 15.727
29.976 -5.352 28.761
24.108 -13.721 26.419
26.264 -8.747 29.284
23.335 -14.042 19.812
31.17 -6.297 13.205
29.031 -5.647 22.033
24.941 -8.575 16.406
22.721 -12.808 10.827
25.515 -9.101 22.663
30.55 -6.807 25.317
29.954 -6.939 18.583
24.516 -12.844 14.243
27.325 -10.059 25.872
26.793 -9.722 10.015
27.479 -9.22 13.729
26.644 -10.41 19.284
Surface Atom:
82.851 -17.836 4.651
80.404 -18.001 1.591
37.57 -66.595 22.887
82.623 -10.67 16.09
81.149 -19.774 7.406
81.163 -6.031 15.032
40.31 -63.993 26.937
81.933 -14.395 15.613
81.629 -14.026 11.838
79.312 -4.241 12.249
75.215 8.525 4.851
75.697 6.008 7.687
34.438 -64.341 23.062
81.062 -21.349 10.896
79.447 -5.568 18.466
77.837 -6.752 6.343
34.122 -64.118 19.237
79.425 -14.453 6.077
29.965 -64.16 26.488
43.81 -62.512 26.606
39.543 -63.792 21.119
72.102 13.365 6.36
77.668 -14.072 2.726
72.381 14.19 10.089
73.513 10.612 10.659
45.984 -62.363 19.152
76.441 -0.387 15.443
71.774 9.539 6.073
31.98 -61.952 30.711
78.942 -10.057 15.104
77.007 -6.207 10.02
35.475 -62.048 29.151
28.388 -63.144 21.406
78.652 -15.222 9.713
26.991 -62.331 24.885
21.171 -61.605 25.361
74.518 1.339 18.274
72.583 4.26 6.308
74.396 1.33 12.672
79.288 -24.549 12.143
76.587 -17.986 2.098
49.399 -61.024 20.187
75.192 -8.53 4.324
75.992 -4.81 16.973
71.44 7.488 11.306
73.263 -1.256 6.762
39.264 -61.536 24.17
78.932 -14.714 18.853
26.5 -59.489 30.731
32.195 -61.348 25.156
76.55 -7.201 22.061
18.002 -59.478 25.543
23.026 -58.883 29.308
18.158 -59.336 21.749
40.359 -60.915 12.965
74.075 -16.44 -0.318
32.312 -61.085 14.274
74.404 -12.498 4.015
72.7 -1.377 10.54
71.453 -2.735 3.762
70.065 3.465 9.064
23.308 -59.125 23.365
77.074 -13.258 15.804
First Box:
71.453 -2.735 3.762
setting PYTHONHOME environment
setting PYTHONHOME environment
setting PYTHONHOME environment
setting PYTHONHOME environment
setting PYTHONHOME environment
setting PYTHONHOME environment
Blue Atom:
10.423 20.42 -12.119
0.62 10.881 -18.552
32.497 7.012 29.49
11.403 15.69 -15.99
13.669 13.307 -17.873
24.943 -1.849 36.275
-1.076 18.36 -10.362
2.191 13.332 -16.074
40.003 -7.633 19.447
39.727 -4.167 21.022
2.008 21.334 -7.425
33.758 -8.821 28.244
5.55 20.256 -9.847
7.501 17.97 -12.22
-0.812 21.239 -4.866
8.094 10.843 -18.152
37.39 -9.162 21.751
2.296 17.216 -11.792
26.5 -9.985 32.749
-1.981 13.499 -12.147
26.796 3.132 33.044
34.092 -13.011 23.697
36.461 -12.723 20.739
12.391 16.613 -12.461
31.416 1.638 28.253
24.022 -12.479 31.188
26.047 -1.056 32.694
38.025 -2.392 18.099
34.811 -1.365 23.8
-0.5 16.513 -7.112
1.536 13.641 -10.682
31.739 -10.649 25.536
4.525 21.323 -2.985
3.065 17.764 -6.622
24.513 -7.025 31.425
33.051 1.849 24.855
9.9 10.901 -14.8
-3.434 8.07 -11.527
28.47 3.636 29.631
1.312 19.39 -2.29
20.913 -7.248 32.716
5.053 22.02 0.758
-4.797 8.704 -8.02
5.402 7.087 -13.855
20.487 -3.439 32.846
35.675 -10.445 16.08
12.613 18.349 -6.683
22.668 -15.972 27.19
32.673 -11.846 18.02
13.373 9.306 -14.71
24.735 -10.973 27.747
25.371 -18.291 21.872
-5.174 10.507 -3.272
-0.797 5.317 -11.399
9.02 6.731 -14.995
25.588 -14.05 25.678
35.271 -0.614 20.09
22.435 -18.438 24.266
11.252 15.639 -8.967
2.872 6.39 -11.1
35.241 -6.87 17.422
23.311 0.494 30.55
-2.655 1.078 -8.884
18.788 -11.509 29.922
28.926 -16.191 16.983
-1.979 6.74 -6.319
-6.154 8.352 -0.317
31.634 -14.198 15.151
-1.591 9.232 -3.462
26.411 -15.352 19.706
31.205 -3.65 21.183
-4.22 1.153 -5.403
27.683 -1.02 25.704
7.871 17.623 -1.485
5.322 18.256 1.271
13.57 9.349 -10.885
17.49 -13.537 26.96
10.146 5.294 -11.651
18.138 -8.131 28.324
21.492 -2.878 29.222
13.846 17.801 -3.138
0.581 -0.956 -8.903
34.421 -3.758 15.342
25.175 1.317 27.336
-3.018 8.966 1.796
21.284 -14.909 22.761
18.042 -16.755 23.639
21.374 -18.712 18.815
13.312 13.196 -6.915
14.623 -7.279 29.5
19.865 -11.824 24.519
29.509 -0.471 22.428
16.053 11.493 -8.977
-5.727 5.306 2.907
-1.785 12.973 6.955
-3.854 10.215 5.284
-5.106 2.804 0.08
18.003 -19.008 20.563
31.717 -10.605 12.03
3.899 0.879 -8.468
6.571 -0.243 -10.915
31.426 -7.862 14.699
11.452 17.199 -0.272
28.619 -12.26 13.522
10.211 11.608 -5.362
15.376 -3.51 29.422
25.076 -16.972 13.829
31.5 -2.614 17.534
13.667 3.853 -11.413
-0.963 0.195 -3.64
10.16 0.788 -11.679
27.377 -15.174 11.399
22.785 -15.906 16.669
19.487 -0.301 27.302
-6.203 -3.073 9.365
-1.391 -3.756 -4.005
13.548 -11.953 26.098
1.219 12.739 4.651
14.137 -17.374 19.234
3.799 15.288 5.852
-1.441 2.864 -0.959
13.643 -14.013 22.892
17.41 -18.7 15.314
7.47 12.799 0.394
21.717 -18.191 10.818
-5.689 2.542 12.408
10.578 -7.325 26.145
2.082 -4.33 -5.513
13.743 -8.554 24.398
17.16 -15.175 18.494
23.877 -2.564 22.682
6.87 14.676 3.666
27.32 -5.081 17.828
10.665 12.32 -1.645
13.612 -18.462 15.625
21.696 0.139 24.228
-4.648 -1.578 6.211
23.525 -16.464 7.969
17.159 -3.333 26.037
-2.728 4.338 5.065
30.726 -5.018 12.251
14.558 4.68 -7.761
-1.146 -6.753 -1.687
26.067 -1.968 19.648
-2.377 -5.456 3.071
27.228 -11.335 7.757
13.518 9.026 -4.528
15.299 -12.194 19.979
19.178 -16.318 12.92
16.517 7.666 -6.439
11.885 0.2 -8.335
11.474 -3.617 25.861
-1.317 7.061 7.296
-3.184 3.59 15.105
-4.067 -0.91 11.692
5.119 -2.108 -5.013
7.82 -3.094 -7.454
24.312 -13.076 9.483
10.637 6.935 -3.188
27.302 -8.509 10.323
15.624 -0.561 23.95
28.119 -3.37 14.498
15.626 -0.495 -8.384
11.553 -3.572 -8.106
1.417 -11.238 8.498
-0.01 -7.013 12.528
6.995 -11.09 19.025
2.185 -5.575 -0.231
-1.3 -6.17 6.649
2.219 7.468 6.017
11.982 -15.491 7.756
0.679 -3.252 2.4
1.754 -7.814 15.855
3.45 -10.772 11.695
13.022 -3.409 22.371
19.946 -3.25 19.41
23.545 -5.406 14.292
7.206 8.415 2.218
3.708 10.44 7.855
-1.134 -2.44 7.461
5.346 -5.825 20.061
12.016 -13.623 13.654
9.241 -13.532 5.952
22.414 -2.568 16.583
8.641 -7.678 19.531
7.02 -11.006 15.22
18.161 -0.33 21.099
-0.428 3.495 12.462
4.473 -10.541 6.348
5.175 -7.789 0.707
10.786 -10.276 15.05
27.304 -4.941 9.004
1.236 -2.146 16.586
7.223 -2.859 21.609
10.547 8.237 0.398
12.768 -3.997 -4.513
12.897 -12.612 10.077
6.704 10.235 5.521
15.696 0.741 -4.746
7.845 -5.264 -0.281
12.032 -0.226 20.522
1.505 6.711 11.823
3.502 -7.032 11.03
9.76 -7.997 -2.099
22.651 -10.125 4.509
4.926 -7.246 4.453
13.403 -11.566 3.158
23.041 -7.995 7.64
14.319 5.045 -1.701
3.88 -4.668 15.506
24.703 -3.351 11.29
16.991 -11.457 1.86
13.375 -8.205 -3.264
9.171 -2.156 18.383
17.508 3.839 -3.449
16.466 -4.882 -4.283
16.269 -2.761 15.842
11.737 2.807 -0.001
3.848 0.372 17.768
18.835 -10.055 4.899
11.224 -10.267 5.973
14.712 0.06 17.852
4.331 5.305 9.717
18.966 -7.918 -0.33
19.883 -4.611 11.012
8.384 4.558 5.176
19.031 -1.784 13.41
15.184 -7.796 0.071
8.946 1.43 17.094
7.459 6.739 8.14
23.708 -4.694 5.854
17.416 -2.967 -1.107
5.843 0.496 14.512
11.67 4.726 3.297
18.964 0.461 -0.61
11.722 1.387 14.488
21.491 -2.622 8.174
16.085 1.887 1.445
6.429 4.082 13.365
13.794 -0.464 3.378
12.974 -1.292 12.131
20.081 -5.448 2.363
16.72 -2.987 7.335
15.975 -0.375 10.006
9.549 3.848 11.186
21.277 -1.857 2.646
10.386 1.255 8.528
13.566 1.707 6.499
18.382 -0.618 4.829
Surface Atom:
-2.994 21.456 -21.756
41.041 -2.219 31.605
-0.811 19.803 -19.043
0.838 22.028 -16.431
14.395 18.64 -19.834
0.956 14.919 -21.193
40.829 -2.224 27.822
15.317 15.067 -20.814
4.562 13.766 -21.539
35.12 -7.232 33.579
-1.51 13.626 -20.202
31.248 5.055 35.554
4.312 21.032 -15.254
11.872 20.999 -15.609
15.044 18.937 -16.092
5.862 23.066 -12.416
28.85 2.13 36.115
29.954 -3.265 35.998
32.468 -4.472 33.352
34.737 4.246 30.831
26.727 -5.235 36.371
36.78 3.165 27.802
-1.108 15.166 -15.458
6.599 14.348 -18.4
33.252 -10.067 31.812
37.356 -0.581 27.478
30.188 7.097 32.515
10.423 20.42 -12.119
First Box:
-1.108 15.166 -15.458
setting PYTHONHOME environment
setting PYTHONHOME environment
setting PYTHONHOME environment
setting PYTHONHOME environment
