-81.6836888695439 -21.5873097173584 40.1001201849014
-51.8763780410648 -6.52780378624678 68.5718260861788
-45.7301661937197 -47.7720849540561 53.6418144223611
-25.0096742091119 -50.727199602883 28.0449998772658
1.71267862617791 -35.5099124368401 0.529578259410276
-22.1795274434421 34.4496400343805 -12.3263722099384
-41.8464996902959 35.7293532458095 -4.58732078274401
-52.4600473926703 39.1050993695367 31.878973068136
-64.2569530015069 -17.8573907387302 47.0136663842828
-11.812923867579 11.819251767658 -9.17039279456579
-56.1943909802377 -5.60898363991133 49.7964955009338
-64.2246810912626 36.91792071277 15.3580070550807
-0.929352800179394 -51.3697326022326 12.3412425979585
1.20700938148462 18.949930444257 20.2305522081555
-34.6297687412926 -4.83521162765083 63.3742974104007
-6.94542376755931 -36.154122396565 0.851490331057587
-73.3942466496337 -19.771936835055 23.2604827547726
-33.5912042056318 50.332202132554 3.28374524442764
-31.4155177060646 -36.885593087501 61.2838156317923
-22.854512403876 -58.598735140411 61.5854519933378
-8.39315053174399 -53.3828980200829 6.98044202640094
-0.282868676204349 9.25288911451383 12.734452868555
1.21117597275641 5.16768415042734 29.5861452621229
-27.5507558444553 -0.274052319384257 62.4849910379028
-11.6821526077375 -46.6461481772485 56.14093664513
1.03022650029767 -42.8531073275649 34.1085879438865
-32.0142889768328 -14.4942500660307 -4.35379900093416
-52.361293733971 -1.41110788705667 9.27546624917403
-58.6992128044685 28.0610299300669 3.9472309461596
-41.9266515068871 51.8415368333103 7.71689433868011
-33.664083186839 46.39921078214 19.3109636806239
-30.0857244509301 -11.282413594754 54.2852043529931
-41.9625989925073 7.05711583297904 62.555355905497
-39.9758756565217 11.9821533881305 55.7604053279052
-30.055923432979 -56.1534558909991 62.5333645398749
-18.0812727837721 -61.8109402383444 53.2838808905606
-5.80483539683036 -60.3176034536693 40.805231655029
-46.9442359711999 -20.9516912269661 2.24447553898565
-61.4628335720293 -34.1951521440867 29.4122000896131
-58.9211409347279 43.6616587187068 7.93742606677318
-30.5296116946043 16.2397560727478 -4.20708532973307
-6.37197583970534 34.2419262414072 10.4394335261334
-27.1295295924792 -13.7430005608998 46.9982403007341
-50.2099286447512 -9.23271523812056 61.5752947861248
-7.43338671732783 -51.0196298882253 48.910942850808
-1.39013735625076 -53.8337925924493 25.7759547266572
-60.08190903702 -19.0273785213418 8.2725876779272
-63.221484139074 -9.57119826518798 26.8012653495202
-73.0823560447393 -13.974328058419 40.3664325370841
-57.8683481090318 22.5330631948001 11.7560094708456
-45.9231993740281 29.2895147181302 9.41317786230079
-16.247025896473 -16.9469177829175 46.3402101656404
-12.1023314671385 0.800226031786358 48.3397409962248
-38.0017661094033 -8.52025621141926 56.064156910921
-31.8969321515382 9.64747538239969 54.7010254269064
-19.6113699937753 -43.3050720526754 46.1997392104282
-18.0993407966101 -62.9221729044162 44.373087082192
-27.2554339041662 -54.0022522934424 37.3578095686682
-39.77231454664 -3.21722769965321 13.616872046094
-40.0184129077636 -19.9037792409525 -1.84936902680225
-67.1505236313404 -27.3051668846412 16.2615559391171
-57.4781517199154 40.2206507990266 24.8548171560553
-24.5634358434812 40.8801389175491 -4.40378585040378
-24.9693590473647 47.9498074194755 3.14424966685085
-25.0359948091886 44.9131686200813 16.6373867070854
-26.0745550245362 5.57830514291895 47.2444767484568
-40.3813637371493 7.99540119543969 48.7224428065311
-22.1680535113306 -43.3416227801638 63.9711197173873
-26.0919437569053 -61.2085316713056 53.5519572628659
-15.3225210994942 -61.2943206493176 33.9503773076089
-42.6061123972897 -11.9734445343469 25.8515333845117
-50.5139493970896 -22.3587743494706 14.8097984077715
-60.0763012323018 -30.6676546193259 21.9150055246749
-56.195383152443 -17.6519502999378 37.5304160544498
-73.7680395391506 -20.7090307613755 30.3761879346973
-42.2914855180386 42.4901423937199 18.6449090256433
-34.0116849989841 51.926562614978 11.8703011865942
-16.5687398981976 35.9419336234592 -3.31374797963951
-17.9689471499203 40.7965922001399 4.56662702086885
-6.5713875201597 24.5852926451422 23.2617389528394
-9.83107920661894 -6.79531092172253 31.5658641731101
-29.0898737144103 -0.330983252525458 27.6559831808184
-34.0356477113808 -3.52415666696889 35.4385624561995
-21.8163748913746 4.84343886682004 55.3753291642231
-46.5451376698045 -8.37261396222627 46.9398314156731
-38.730001080197 -47.878911389712 51.4856427403053
-27.2238403758602 -43.5598352606141 54.0894723257222
-19.6533381789842 -41.3944595610933 54.8988472103264
-9.88990906074041 -55.779301054097 23.5293185279595
-2.44840276620753 -29.3741068132645 22.431360324655
-15.7706693367013 -30.0050872750395 -0.63944338647732
-52.6193028862831 -4.33337967490259 20.3271770695083
-49.6783090986746 28.695498461303 0.848126925865071
-50.8919284720495 45.4770349286783 6.56923543033822
-17.3481092733568 9.13465816267783 36.8880941494288
-17.1092648917018 -57.6717872480756 22.5510860549001
-38.5449878931246 -25.4103702474544 5.63678051732552
-32.9394615875564 38.793340806555 -5.02721947754623
-27.7493329662471 5.3645538790165 19.1486028979675
-21.7173314430469 -12.5448761099767 34.9777031673461
-6.39804567135933 -1.0094004093164 40.0998177991177
-39.2894770194988 -6.99662388132992 43.0721609430706
-23.1733204072215 -30.6265121393515 -0.516823090006915
-23.9474475409086 -13.0560354221727 10.942344431758
-60.4615673062711 -9.43494598293768 16.7107408659339
-64.6169314158972 -11.4744889497003 34.6422600705995
-50.4188289077085 46.4065292528869 15.6939871012196
-20.5907001788423 11.0500776126372 -3.54372859385665
-14.8432646146031 -8.38647033959433 4.81902369275011
-12.1779588076409 2.29923865315294 15.6205620576283
-14.7236484339204 15.3737835595741 29.0952340748831
-31.5820426880066 -55.0860362921451 46.3410503268255
-10.966059323587 -40.9221499777791 41.2224724162185
-10.1057826411895 -35.6351242874567 11.1787064797089
-19.9641751208158 -45.6355026638554 8.90276687781837
-32.9764956534167 -5.96772344867312 10.67172024533
-54.6721433808093 -7.97213120263442 30.5400847798791
-38.0616691792896 28.7388628314866 3.49973545094276
-25.361320151251 7.95667635767457 6.34355160141458
-13.051497228363 -15.3842119796208 14.0297324466324
-18.4645945777581 -46.3933892701489 37.1621606578863
-29.305351127039 -16.3376944280048 22.8581295072968
-17.109368897537 39.8776618318947 14.4497622675285
-20.078188810304 14.9011945943531 21.901618481447
-18.282821316195 -26.2955740922297 27.3728540090298
-24.9180816527765 -15.2038997232276 1.11694553674679
-26.2422294583706 29.195953243463 6.66338741732922
-13.6814044342059 -1.14672753741682 24.4207469667178
-48.537121084349 -0.788077656870369 54.7581743730129
-31.4679700795318 -23.1444554420836 15.3150458568187
-40.0131004768138 -18.5462021469185 16.1786018728438
-51.837143241942 -19.433839079315 22.9847980421452
-10.4313446737986 -23.6738367852771 21.2068419429981
-7.64161485399014 -38.3037303307119 31.178440804694
-21.9185960859147 -41.1217005108754 17.3206390404547
